33.875000 151.201390 22759
33.891670 151.185000 1157
33.879170 151.196940 7110
33.886110 151.194720 6299
33.868330 151.193610 11619
33.878890 151.211110 25402
33.869170 151.225000 18038
33.897500 151.189170 8428
33.894440 151.199440 12034
33.909720 151.202780 14469
33.915560 151.203890 15398
33.935280 151.210000 8900
33.947220 151.165830 10179
33.890000 151.221670 14238
33.895830 151.254170 11594
33.887500 151.256940 10765
33.897780 151.253610 11077
33.892220 151.245280 7180
33.892780 151.276110 30396
33.880280 151.234170 7305
33.878060 151.242220 4685
33.875280 151.273060 9403
33.842780 151.283330 13911
33.918610 151.241670 32321
33.921390 151.227780 15265
33.904440 151.213890 10961
33.922780 151.255280 19089
33.940560 151.252500 33235
33.962220 151.218060 26894
33.884720 151.181390 13839
33.885280 151.167500 8670
33.870000 151.181390 7920
33.885280 151.160000 20863
33.857500 151.175830 14751
33.898330 151.178330 17719
33.900560 151.184720 6848
33.920560 151.171670 7191
33.882780 151.131940 6650
33.867220 151.120280 25180
33.851670 151.152780 11377
33.891110 151.166110 7703
33.898330 151.148610 10454
33.891110 151.181670 6704
33.840000 151.205000 12266
33.850560 151.213330 5680
33.821940 151.208330 6783
33.811940 151.210830 5934
33.806670 151.182780 8639
33.826390 151.189170 27175
33.808610 151.146940 27624
33.798330 151.183610 22623
33.812500 151.194720 15868
33.779440 151.182220 13282
33.791670 151.158890 12278
33.766390 151.155560 12161
33.756670 151.150560 6591
33.743890 151.138610 15733
33.736670 151.130000 20941
33.734440 151.181110 18643
33.736110 151.091110 23775
33.711670 151.101940 34899
33.650000 151.118610 7104
33.642780 151.129170 1574
33.621670 151.146940 5165
33.578060 151.173890 5652
33.486390 151.158330 1545
33.701940 151.211940 3536
33.739170 151.219440 10707
33.740280 151.199440 13190
33.762220 151.218330 12289
33.825000 151.241670 27453
33.832500 151.218330 11083
33.830560 151.218890 13025
33.792500 151.239440 6726
33.795000 151.261940 21611
33.797220 151.268330 5490
33.801670 151.279170 15074
33.781110 151.291390 13874
33.730830 151.291390 14387
33.736670 151.284720 36685
33.752780 151.245830 19446
33.719720 151.296940 17981
33.696940 151.305560 6145
33.679440 151.292500 10167
33.646940 151.281110 1836
33.657780 151.304720 9037
33.644170 151.315560 14464
33.593330 151.323610 1899
33.776940 151.107500 1788
33.824720 151.150000 9805
33.833060 151.125280 13423
33.821670 151.119170 27773
33.797500 151.142780 16800
33.812500 151.097500 21477
33.817220 151.067220 9470
33.812500 151.038060 6216
33.795830 151.040000 19022
33.784440 151.044440 21573
33.743610 151.055560 10901
33.730560 151.065830 19625
33.775280 151.082220 24620
33.797220 151.077500 28544
33.748890 151.048330 15967
33.716940 151.050000 18781
33.894440 151.142220 6587
33.882500 151.131110 22190
33.885280 151.115000 10383
33.900830 151.105280 10741
33.880000 151.104720 12466
33.873610 151.096390 23098
33.888610 151.091940 6720
33.849170 151.113610 24018
33.852780 151.086670 13518
33.837780 151.092780 58
33.859440 151.078060 12513
33.831390 151.048330 25478
33.819720 151.040000 22525
33.885560 151.015830 7463
33.845560 151.038890 33122
33.820560 150.987780 71314
33.782220 150.947500 15686
33.768890 150.950830 35074
33.758610 150.904720 58669
33.815560 151.007220 24814
33.770830 151.025830 20221
33.796940 150.996670 10222
33.767500 150.956940 52451
33.735000 151.001670 37916
33.723060 150.931110 44027
33.683060 151.008060 12348
33.601390 150.974720 3709
33.702780 151.049170 8289
33.506390 151.054440 4550
33.836670 150.985830 32847
33.868330 151.005280 28270
33.873330 151.006390 16986
33.889720 150.966940 8753
33.825560 150.866940 18365
33.870560 150.972500 39514
33.891670 150.938890 49726
33.976670 150.898330 7557
33.901940 150.855000 41912
33.930280 150.887500 95042
33.911110 150.825000 24393
33.979170 150.924720 13257
33.864440 150.854170 46063
33.886670 150.890280 15188
33.905280 151.063330 24710
33.907500 151.088060 6042
33.910830 151.076110 12576
33.911670 151.131390 13989
33.926390 151.098610 21220
33.922780 151.079720 25208
33.929440 151.079440 29596
33.901940 150.996940 8176
33.913890 150.980830 8669
33.908610 151.023060 16003
33.930000 150.987220 40613
33.906390 151.129440 12982
33.907780 151.170830 24613
33.935280 151.148330 12845
33.928060 151.125830 18319
33.954170 151.120280 27537
33.936390 151.098610 11515
33.953890 151.063890 14617
33.965560 151.064170 28013
33.943330 151.034440 16211
33.940280 151.017220 14300
33.956390 150.997500 20374
33.941110 150.990560 3844
33.950830 151.138060 26060
33.965280 151.133330 23626
33.980560 151.120280 15176
33.993330 151.141940 12435
33.970000 151.102220 28434
33.979170 151.113330 15783
33.966670 151.093060 11692
33.976670 151.077500 19806
34.020830 151.104440 13429
34.007220 151.067220 11876
34.034440 151.083060 14048
34.037500 151.100280 17601
34.020280 151.124170 27301
34.078610 151.145000 26975
34.002780 151.207780 2216
34.032220 151.059720 31262
34.171670 151.066110 29305
34.051940 150.978330 30827
33.483890 151.168890 65632
33.452220 151.466670 31838
33.488610 151.323610 14975
33.516670 151.386940 27646
33.350000 151.371940 5108
33.287500 151.425280 53995
33.459170 151.412220 21786
33.361940 151.498610 51000
33.221670 151.519440 20150
33.220830 151.493890 22382
33.134440 151.514170 13120
33.090560 151.459440 5391
33.065830 151.571670 2670
33.031110 151.639440 26597
33.090280 151.662780 13415
33.003610 151.559720 23076
32.966110 151.601940 10463
32.944170 151.654440 27799
32.891390 151.537500 3447
32.904170 151.655560 33276
32.957220 151.703330 18851
32.968060 151.694440 32177
32.955280 151.739720 13398
32.923330 151.728330 2438
32.915560 151.756940 2125
32.918890 151.766940 1874
32.883890 151.793330 5821
32.920000 151.748060 1810
32.910000 151.745000 1616
32.908610 151.724170 9441
32.903890 151.688610 10693
32.928060 151.780830 10081
32.928890 151.761390 592
32.927500 151.747500 9003
32.893890 151.773890 14967
32.923890 151.691940 11942
32.993330 151.680830 3096
32.891110 151.679720 3705
32.893610 151.696670 654
32.439720 151.552500 838
32.097220 152.356110 1509
32.800560 151.832500 167
32.723060 152.142220 13377
32.727500 151.544720 29290
32.757500 151.531940 10924
32.828890 151.726110 16682
32.746670 151.588890 24735
32.766940 151.754170 22535
33.110000 151.138330 26223
32.781390 151.475830 7171
32.826110 151.461940 7358
32.391110 150.683330 2555
32.135560 150.156940 2142
32.227500 151.245830 20459
32.424720 150.273890 13238
32.707500 151.503060 2482
32.664170 151.344440 5429
32.165000 150.888610 2341
31.968060 150.434720 7734
31.837220 150.917500 1537
31.650000 150.726390 665
31.651110 151.239170 45699
31.355560 150.651670 1729
31.303060 150.684720 558
31.396110 150.828330 4528
31.086940 150.656670 737
30.859440 150.840560 768
30.750280 150.718060 2810
30.513060 151.662220 24472
30.491670 151.640560 860
30.697780 150.957780 2812
30.947780 151.144170 996
30.988610 151.600280 3522
30.884170 151.151670 767
31.322220 149.302220 4363
30.645560 151.499440 4046
30.333060 151.019170 603
29.767780 151.224440 14496
29.396390 151.238890 885
29.757220 151.612500 7559
29.456670 151.618060 742
29.154170 151.906670 4973
31.173060 149.996940 10140
30.080560 149.172220 299
30.237780 149.288330 3089
30.280280 150.151110 8244
31.550830 149.379170 777
31.075560 148.966670 1161
29.959170 149.913330 405
29.478060 150.137780 877
29.523060 148.952780 10218
29.561940 150.290280 325
29.544170 150.571670 1914
29.666110 150.818890 554
29.921110 150.373060 1785
28.982500 149.827220 551
29.139440 148.684170 740
29.116940 150.665000 420
28.915830 150.133330 1141
28.756670 150.576670 347
32.348890 151.928610 279
31.972780 151.445560 4066
32.690560 151.577500 1519
31.653330 151.499720 5218
32.432780 152.187220 3229
31.540560 151.798610 549
32.468890 151.969720 1617
31.805560 152.586390 518
31.844440 152.742500 2475
32.159440 152.375280 22698
31.923890 152.181390 9250
32.093610 152.481670 32569
30.888060 153.040000 4952
31.703610 152.677500 2451
31.038610 152.878610 21372
31.707500 152.672500 8848
31.316390 152.972500 42616
31.583330 152.800000 5876
31.310560 152.205000 12527
30.720000 152.913330 6813
30.644440 153.005560 8701
30.654170 152.872220 2323
30.283330 153.093610 38299
30.336670 153.084170 15010
30.419170 152.338330 2706
30.453060 152.885560 7350
30.495280 153.015830 3023
30.114440 153.192780 13579
29.693890 152.930830 28591
29.632780 153.028060 2511
29.356670 153.078610 7147
29.440560 153.359170 6684
29.427220 153.246940 4246
29.223330 152.599440 14548
28.998890 153.280280 2576
29.098060 153.342220 1732
29.123890 153.434720 2969
28.635560 153.004170 6388
28.475830 152.545830 450
28.388060 152.642500 1019
29.011940 153.433330 11245
28.863890 153.557780 26770
28.697220 153.505280 4538
28.604170 153.095830 44395
28.643060 153.606670 10700
28.570000 153.542500 5749
28.538610 153.546110 10031
28.532780 153.313890 18050
28.181670 153.534170 13349
28.241670 153.516670 30593
28.263060 153.579170 11194
28.338060 153.573330 3100
28.406670 153.563890 6318
28.256670 153.450280 689
34.438330 150.885830 37084
34.493890 150.871940 11705
34.481670 150.908610 4915
34.483890 150.846670 7431
34.182780 151.036940 8652
34.264170 150.950830 10387
34.327220 150.906110 5672
34.350560 150.903890 12954
34.361110 150.885000 18611
34.411390 150.892500 16240
34.455560 150.871390 10630
34.562220 150.793610 20615
34.555560 150.854440 23283
34.745000 150.831390 4989
34.776940 150.692500 6998
35.722220 150.173890 17467
35.797780 150.004440 10908
35.287500 150.355000 2261
35.079170 150.683060 24144
36.185000 149.740560 1069
36.408060 150.034720 8792
36.890830 149.899170 6872
36.943060 149.906940 3630
37.116670 149.500000 15692
37.012780 149.888890 3450
34.036110 150.794720 11123
34.044170 150.783060 3803
34.211940 150.791670 72235
34.088890 150.763890 243
33.987500 150.903060 13374
33.971940 150.826670 16587
34.041940 150.829720 24045
34.061110 150.780560 33967
34.157780 150.680560 876
34.220830 150.715830 1272
34.066110 150.710280 28344
34.148610 150.669440 10143
34.236110 150.589170 4505
34.251390 150.576940 5418
34.302780 150.426390 14031
34.466110 150.426940 12709
34.567220 150.483060 14651
34.658610 150.296940 2419
34.700280 150.105830 3597
34.568330 149.991670 27112
34.784720 149.263330 1997
34.611670 148.980280 11512
34.087220 149.148060 3999
34.746390 148.528330 463
34.508610 148.548890 337
34.341940 148.613060 2724
34.405830 148.215560 2828
34.571670 148.302220 306
34.609440 148.118060 7110
34.219720 147.901110 11456
35.376670 149.211390 9420
35.755000 149.289720 5371
35.184170 149.815000 3258
35.989170 149.148610 499
36.494720 148.285560 4399
36.399720 148.738060 1806
35.985000 149.025830 8332
36.509170 149.284720 723
36.704720 149.127220 1662
36.900830 148.739720 451
36.068060 146.901670 33708
36.041390 146.917780 14314
36.213330 148.126940 4999
35.981670 146.620000 2550
35.866390 147.065000 2596
35.251670 146.381110 297
35.723610 146.589170 6792
35.990000 146.006110 1901
32.983060 141.622220 2502
35.075000 147.270830 53971
35.159170 147.465280 2216
35.428610 147.627220 4851
35.899720 147.948330 2334
35.273060 147.118610 1052
35.109720 146.789440 1295
35.558330 147.169440 1443
35.762220 146.901670 917
35.666940 147.034720 1666
35.150560 147.283330 341
34.871110 147.560560 4580
34.479170 147.012500 2337
34.453060 147.533890 5058
34.132500 147.278610 406
33.863330 146.698890 1999
33.705280 147.320830 3892
33.367220 146.214720 1476
33.477220 145.535000 1431
34.350000 146.040000 22687
34.256940 146.195280 1638
34.554170 146.609170 4873
34.958330 147.132500 2434
34.863890 147.053610 613
34.621110 146.422500 945
34.553060 146.400000 10014
34.566110 145.846390 1211
34.690560 146.015830 1311
35.275560 144.541940 9835
34.510830 144.840830 3294
35.795000 145.782780 1409
35.660280 145.565830 3079
35.815000 145.562220 2385
34.637220 143.560560 1627
35.344440 145.659440 1067
34.092500 142.013610 1383
35.361940 148.215280 7822
34.016670 147.783330 348
34.973330 147.996940 2977
34.824440 148.330830 302
34.901110 148.217500 567
35.217220 147.825280 1728
35.496940 148.008610 1422
35.089720 144.040280 593
35.030280 143.335830 404
34.542780 142.791670 792
34.187500 142.235000 1225
33.841390 150.650560 26232
33.767220 150.744440 34248
33.802780 150.708890 1912
33.700000 150.725000 15772
33.757780 150.691940 42586
33.888610 150.593060 4674
33.596110 150.699720 17081
33.580280 150.705000 5284
33.616390 150.810830 32296
33.551670 150.695000 877
33.521940 150.626670 8530
33.838330 150.791390 26501
33.750560 150.767500 27033
33.742500 150.843060 27723
33.738330 150.914440 29849
33.685280 150.904170 14841
33.827780 150.873060 14179
33.793060 150.869440 19503
33.787780 150.814170 60345
33.776390 150.626940 5855
33.757500 150.609720 12648
33.446390 151.152780 1542
33.698610 150.530830 3991
33.703060 150.566110 17782
33.716670 150.503610 2433
33.736110 150.459170 4534
33.891110 150.383890 12920
33.755560 150.370830 5935
33.727220 150.440000 2886
33.664170 150.295000 4569
33.596670 150.256670 996
34.146670 150.425830 4234
33.833890 149.989440 14816
33.648060 149.179440 692
33.625830 149.126940 496
33.917220 148.941670 1135
33.850280 148.679440 10001
33.233890 149.990830 39878
33.654440 149.069170 217
33.461670 149.120280 2385
33.558610 149.306110 3843
33.299720 149.102220 41361
34.123890 148.403610 306
33.511940 148.795560 2626
33.516390 148.326670 294
33.251940 148.335000 914
34.036110 148.553890 257
33.972220 148.948330 227
33.903330 148.466110 318
34.102500 148.014440 2976
32.558890 148.940560 7878
32.284720 148.042220 4943
32.035830 147.978610 1406
31.738610 147.863060 2325
31.940560 146.928330 2690
31.665830 148.301110 3585
31.254440 148.855560 580
31.208610 148.132780 3177
32.234170 148.582500 37735
32.066390 146.313610 3887
30.116940 148.126110 2747
29.572220 148.543330 767
29.432780 147.980830 2493
31.951390 145.125560 4241
30.853060 143.087500 927
29.976110 146.860830 1413
29.178330 146.263610 2870
31.824170 149.116390 452
31.996940 149.633060 1278
32.021940 149.393890 1432
33.360830 150.030560 1901
33.042220 149.907220 373
33.406670 149.946670 2307
32.895560 149.978890 1726
32.630830 150.061390 1603
32.421390 150.263330 15947
32.268610 149.738060 3358
33.279440 148.762220 1149
33.183610 148.701110 732
32.951110 149.004440 2797
32.939170 148.537220 613
32.750280 148.645830 519
32.682220 148.332780 1478
32.903890 148.380560 12218
33.439170 147.541670 8892
32.266110 147.390830 636
32.634170 147.566110 373
33.130830 147.437780 1038
33.161940 147.833060 306
33.413890 147.336670 4122
32.170830 144.198610 197
32.333610 142.416390 861
31.050000 142.326670 19211
31.540000 159.080000 360
37.817780 144.961110 20625
37.817220 144.981940 4715
37.814170 144.950560 3742
37.856110 144.980000 7739
37.823330 144.953890 691
37.808890 144.894720 18052
37.781670 144.878330 23126
37.824720 144.897780 13746
37.836670 144.886390 16158
37.870830 144.906940 14747
37.853890 144.847500 11779
37.799440 144.850830 8182
37.777220 144.819170 40552
37.744170 144.798060 51785
37.787780 144.801670 2823
37.777500 144.772220 55703
37.845560 144.842780 11378
37.832220 144.803330 91
37.883610 144.749720 27780
37.833890 144.746670 68426
37.764170 144.621390 77755
37.783060 144.934170 17245
37.777500 144.889170 25343
37.738890 144.844720 13261
37.759720 144.873330 10989
37.732780 144.844720 5842
37.726110 144.756670 28158
37.768060 144.922780 13533
37.756940 144.898890 23868
37.725560 144.895830 11331
37.714440 144.851940 14373
37.689720 144.881110 17350
37.731940 144.925280 24420
37.659440 144.830000 142
37.706670 144.917220 30802
37.683890 144.915560 19001
37.662780 144.943330 18106
37.661940 144.878890 8783
37.801940 144.951940 11755
37.783060 144.945000 4673
37.801390 144.963330 13509
37.784720 144.960560 8296
37.766110 144.937220 13148
37.773330 144.959720 22762
37.769720 144.977780 8476
37.731940 144.980000 31550
37.655000 144.872780 11967
37.691670 144.957780 12597
37.685280 144.963060 5465
37.603060 144.880560 678
37.531110 144.945280 53173
37.808890 144.973890 9431
37.809440 144.989440 6468
37.810560 145.004170 4907
37.790830 145.000000 17268
37.773610 144.990280 22920
37.756670 144.980000 17434
37.748060 145.007500 29925
37.732220 145.013330 47637
37.695830 145.030830 20331
37.673060 145.025280 19874
37.637220 145.024440 26347
37.778610 145.031110 10549
37.766940 145.044720 14847
37.754440 145.055000 13445
37.658890 145.074720 30516
37.703610 145.073890 28072
37.757220 145.056110 24272
37.723610 145.092500 13738
37.716390 145.083610 8984
37.703610 145.103060 26465
37.673610 145.150280 11505
37.672220 145.121670 2094
37.640560 145.129170 1511
37.667780 145.178060 1946
37.700000 145.216670 1294
37.588330 145.205560 4879
37.791110 145.022780 23876
37.785000 145.059440 6017
37.812220 145.091670 15324
37.794440 145.070560 20315
37.768060 145.090560 10868
37.761390 145.126940 16483
37.768890 145.104720 13152
37.786390 145.124440 18359
37.790560 145.168610 27047
37.791390 145.170560 11796
37.735560 145.206390 8476
37.740000 145.268330 3835
37.758060 145.311110 9124
37.832500 144.999720 26119
37.845000 145.040280 21178
37.834440 145.054720 13103
37.828890 145.057220 20030
37.857500 145.111940 13162
37.822500 145.058610 7857
37.828060 145.097500 18089
37.840830 145.131670 17371
37.814720 145.117780 16060
37.839440 145.135000 30409
37.849170 145.166670 21000
37.822220 145.186940 14811
37.834440 145.186110 21318
37.833890 145.219170 31102
37.805830 145.258610 19003
37.783890 145.276390 40961
37.811940 145.308330 13096
37.774720 145.305560 20690
37.783330 145.430280 13545
37.751110 145.350000 15650
37.840280 144.993060 19134
37.841670 145.006670 12870
37.858330 145.026390 8761
37.858060 145.028330 10305
37.879440 145.043610 21300
37.847500 145.046670 24947
37.870000 145.078610 13647
37.886670 145.080000 7820
37.876110 145.136940 32077
37.892780 145.170830 58304
37.853060 145.132780 10141
37.870000 145.236940 31238
37.833890 145.267500 19660
37.858330 145.313890 4227
37.841390 145.297220 20825
37.934440 145.274440 35654
37.906670 145.316940 6964
37.905830 145.400560 2574
37.910830 145.355280 9092
37.880560 145.033890 14554
37.883060 145.015000 16432
37.892500 145.064720 29553
37.910280 145.061110 25923
37.911110 145.099720 22342
37.924720 145.083060 9140
37.926110 145.133890 16895
37.943330 145.126940 19090
37.927220 145.187500 17647
37.930000 145.142220 19772
37.976390 145.132780 22368
38.000000 145.182780 19885
37.953330 145.179440 35772
37.988610 145.215000 47994
38.003890 145.229440 10255
37.919720 145.235280 34777
37.901390 145.224440 5891
37.900000 145.256110 7140
37.858330 144.984440 18262
37.868330 144.977220 20644
37.871110 145.001940 17954
37.890830 144.983060 14638
37.882780 144.998060 12221
37.909440 144.991110 21257
37.912780 145.012780 15813
37.934720 145.023060 16874
37.943330 145.040280 5282
37.955560 145.038890 10263
37.947220 144.995000 9310
37.960280 145.054720 20293
37.970560 145.009720 18773
37.980830 145.093060 11667
38.026110 145.100830 34101
38.049170 145.123890 23591
38.077220 145.120280 11186
38.118890 145.132500 16034
38.175830 145.141390 52624
38.139170 145.167220 5627
38.072220 145.177220 19121
37.953060 145.097780 2767
37.921940 145.021940 28186
37.822500 144.962780 9319
37.853330 144.959440 10017
38.101390 144.354440 23441
38.115000 144.356940 19820
38.158060 144.313060 52003
38.196670 144.301390 1253
38.140280 144.316110 12613
38.175000 144.399170 20053
38.152780 144.356110 15288
38.173060 144.270280 7924
38.180000 144.605830 12065
38.117780 144.643330 6497
38.192780 144.469440 10111
38.265830 144.669170 3881
38.265280 144.513890 12554
38.277780 144.486110 4333
38.331940 144.314720 14648
38.414720 144.161390 2452
38.549440 143.974440 1045
38.757780 143.665830 1736
38.398610 143.885560 373
38.518890 143.710280 239
38.742500 143.288330 483
38.634720 143.494170 383
38.242500 144.173610 2083
38.238330 143.993610 2234
38.333610 143.782500 741
38.499720 143.873060 635
38.225560 143.528060 2903
38.345280 143.590560 11778
38.196110 143.636940 657
38.289170 143.520830 385
38.321110 143.310830 4457
38.245280 142.926670 2349
38.485000 142.980000 2552
38.623330 143.000000 968
38.606390 142.878890 141
38.056940 142.811110 1670
38.086940 142.536110 124
37.960280 142.516390 350
38.406390 142.703060 1890
38.376390 142.470000 29967
38.336940 142.508060 1739
38.318610 142.376670 2311
38.368890 142.234440 3093
38.217500 141.707220 1257
38.035830 141.913330 616
38.138060 142.339720 432
37.966670 142.236940 734
38.051110 141.006940 313
37.687780 142.545830 265
37.410830 142.408610 751
37.683330 142.016390 10103
37.828330 141.826390 554
37.954170 141.740000 418
37.840280 140.971670 2475
38.349720 141.604440 12652
37.721670 141.546940 364
37.566670 141.517780 1760
37.458890 141.913610 1655
37.166390 141.590280 317
37.039440 141.297220 976
36.791940 141.058330 323
38.106940 144.048060 1182
37.953890 143.334720 560
37.876940 143.171670 515
38.024720 144.020830 1481
37.901670 143.716110 433
37.897500 144.131110 4192
37.967780 144.140560 948
37.847220 144.075830 739
37.791390 144.030280 491
37.727220 144.652500 1760
37.655560 144.660830 31873
37.703890 144.570830 15806
37.676940 144.437220 17994
37.558890 144.358610 1523
37.601110 144.220830 3126
37.583890 144.106390 1221
37.546110 143.876390 54343
37.675560 143.597780 7721
37.627780 143.900000 14628
37.531670 143.846940 13022
37.606940 143.836670 14330
37.652500 143.883610 3246
37.742500 143.492220 794
37.685560 143.366110 926
37.426110 143.893060 3301
37.441940 143.814440 2035
37.295560 143.780830 1656
37.173060 143.699720 1196
37.411390 143.340000 1811
37.373610 143.197780 248
37.266670 142.888890 8684
37.524170 142.944170 327
37.050830 142.782500 6149
37.298060 142.603610 977
37.011110 143.131110 831
36.673610 142.868890 332
36.618890 142.734440 549
36.616940 142.470560 991
36.081110 142.420560 265
36.460280 142.586940 669
36.121110 142.269440 2744
35.838610 142.422780 640
35.730280 142.357780 554
36.714720 142.198890 14286
36.682780 142.231110 4528
37.297500 141.670280 328
36.745830 141.935280 1079
36.715280 141.486940 216
36.716110 141.178060 253
36.450280 142.033330 1664
36.405000 141.472780 2797
36.362780 141.113890 1061
36.374440 140.983330 305
36.143890 142.020280 629
35.896110 141.990560 734
37.633890 144.699440 2275
37.592220 144.821940 651
37.580000 144.729440 34574
37.485280 144.744720 432
37.460560 144.680000 3751
37.348330 144.746670 4411
37.279440 144.735000 2703
37.521670 144.585830 8698
37.473330 144.596670 2378
37.385000 144.574440 1864
37.385000 144.575560 1323
37.358610 144.527220 7192
37.149440 144.626940 8493
37.190280 144.385280 614
37.141110 144.319440 463
37.112780 144.333610 671
37.057500 144.207500 6751
37.084440 144.176110 4806
36.996940 144.303610 1548
37.433060 144.295830 1714
37.342220 144.136110 2567
37.264720 144.148060 3954
37.109720 144.060560 990
36.997500 144.048330 2852
37.043330 143.815560 1141
37.075830 143.747500 8649
37.093330 143.467500 1262
37.259720 143.337780 239
37.197500 143.309720 419
36.724720 143.645560 1404
36.735000 143.435830 299
36.612500 143.231940 3031
36.370000 142.981110 1691
36.142500 142.759440 455
35.983060 142.918890 663
35.645830 142.663060 190
34.778890 142.278890 1085
35.384170 142.190280 432
34.476940 142.354720 638
34.454720 142.201110 5850
34.237220 142.170560 5016
33.891940 142.649170 30646
35.170830 141.808330 199
35.326670 141.172780 552
36.738060 144.132780 901
36.603330 143.938610 758
36.524440 143.844720 1507
36.313890 143.550000 1296
36.358330 143.704170 246
37.062500 145.001390 734
37.056670 144.770000 403
36.920280 144.704170 3500
36.270830 143.347500 1290
36.078890 143.223330 790
35.722500 143.103060 337
35.636670 142.993610 321
35.503330 142.850560 846
35.972780 143.618330 1171
35.842500 143.507500 362
35.757780 143.442500 225
35.472500 143.262780 335
35.051670 142.882780 480
34.581110 142.776110 3753
36.760280 144.258610 40145
36.804170 144.299720 24132
36.764170 144.241940 18409
36.720280 144.246670 11181
36.616110 144.500830 613
36.529170 144.641110 976
36.516670 144.759440 563
36.361390 144.701670 4751
36.030560 144.513890 285
36.270560 144.535280 777
36.131940 144.749720 15200
35.958890 144.370830 524
35.905830 144.299720 618
35.810830 144.212780 2810
36.420830 144.394440 595
36.370830 144.229440 322
36.160830 144.256390 515
35.990280 144.201390 879
35.734720 143.920000 5266
35.632220 144.117780 769
35.460560 143.629170 1320
35.291940 143.451670 311
35.198330 143.385000 273
35.130280 143.355830 483
35.191390 143.344170 681
34.888610 143.173330 586
36.847780 144.930560 2299
36.621670 145.216390 1676
36.593060 145.008890 1681
36.498330 145.336940 752
36.444720 145.221940 5065
36.314720 145.046390 8026
36.255280 144.945560 2195
36.244720 144.781940 330
36.449720 144.981670 915
36.395280 145.359720 9155
36.412220 145.460830 10163
36.326670 145.415560 626
36.229720 145.557780 1760
36.165280 145.391110 633
36.096390 145.432500 5415
35.984440 145.281110 2038
35.961670 144.971670 509
35.986940 145.506390 1138
35.934440 145.441670 1077
37.178060 145.151390 5833
37.093890 145.101670 787
37.121940 145.411670 7417
36.993330 145.011110 1156
36.898610 145.180000 208
36.917220 145.205000 1047
36.851670 145.671940 4867
36.723060 145.716110 1084
36.603330 145.872500 669
36.557780 145.968330 10332
36.581390 146.128060 1511
36.417220 146.213330 1468
36.368610 146.296670 17171
36.385830 146.204170 6262
36.191110 146.495830 653
36.151110 146.611940 1639
36.055560 146.462780 2480
36.016940 146.396940 891
36.109440 146.723330 1247
36.121940 146.883890 30549
36.251390 146.844440 8397
36.694440 147.204720 589
36.734720 147.154440 1040
36.242500 147.200000 1169
36.538060 147.376390 1073
36.189720 147.785000 411
36.152780 147.860000 1699
35.967500 147.733060 303
37.278330 145.848890 361
37.221110 145.905560 982
37.220280 145.704440 3251
36.938890 145.832220 302
37.383610 145.472220 2656
37.079720 145.572220 547
37.021940 145.872500 520
37.148060 146.433060 4360
36.420000 146.015000 346
36.329720 145.892500 850
36.272780 145.894440 361
36.143610 145.866110 561
36.013330 145.994720 8003
36.702220 146.311390 429
36.766110 146.413890 422
36.479440 146.629170 518
36.555830 146.718060 4250
36.639720 146.859440 378
36.724720 146.817780 950
36.658890 146.961110 3072
36.764720 147.002220 298
36.374720 146.677500 4218
36.314440 146.839170 1856
37.593060 145.039170 509
37.621110 145.080830 20873
37.461940 144.971940 871
37.626940 145.163610 17787
37.560830 145.105560 299
37.381940 144.963610 9254
37.515830 145.118060 7984
37.376670 145.029170 2143
37.643610 145.236940 1159
37.601940 145.273330 1135
37.523610 145.316110 1346
37.307780 144.957500 7534
37.811670 145.339440 6733
37.824720 145.361110 1210
37.830000 145.351670 1236
37.768610 145.444440 3189
37.604720 145.416110 3491
37.569170 145.524170 10331
37.549440 145.661110 474
37.512780 145.743890 223
37.955000 145.488060 4400
37.934170 145.442780 7772
37.952500 145.543060 2151
37.880560 145.333330 1534
37.855560 145.365000 1663
37.887220 145.369170 265
37.900280 145.385000 1556
37.873610 145.425000 3457
37.826390 145.443060 1222
37.789170 145.378890 9375
37.881670 145.692220 3203
37.755280 145.687500 6017
37.976670 145.250000 24576
38.002220 145.258890 10160
38.002780 145.326940 6704
38.032500 145.303060 54481
38.038330 145.341390 45551
38.052500 145.365000 6791
37.999440 145.426110 2978
38.061670 145.388060 1760
38.052500 145.449440 35307
38.083060 145.568890 2269
38.075000 145.651940 1103
38.078610 145.708330 1919
38.091670 145.736390 2910
38.116110 145.782780 1974
38.114170 145.898060 12089
38.185830 145.927500 14074
37.895560 145.998060 2547
38.181670 146.013610 1041
38.240830 146.093060 1784
38.221940 146.130560 4635
38.223330 146.238890 20322
38.022220 145.954170 1453
37.841940 146.262220 316
38.288060 146.174440 506
38.232780 146.413610 16617
38.313610 146.428060 4943
38.407220 146.636940 27592
38.125830 146.802780 2167
38.312500 148.438060 14258
38.080280 146.606670 1506
37.982780 146.785000 2886
37.590830 146.580830 6971
37.748890 147.141940 3128
37.803330 147.454440 394
38.421110 146.458890 1481
38.375830 146.261670 1524
38.264720 146.044170 2861
38.526110 146.876110 488
37.707780 147.559440 16650
37.908890 147.716110 3798
37.818060 147.735000 954
37.533330 147.837220 1786
37.733330 148.428890 441
37.694720 148.089440 341
37.705830 148.454440 3747
37.756390 148.963330 287
37.567500 149.067500 168
37.412500 149.546110 173
37.534170 149.716110 1032
37.368060 147.833890 176
37.443330 147.825280 421
37.054440 147.565560 629
36.955560 147.701670 249
37.823890 147.850000 350
37.871940 147.850560 623
37.885000 147.851670 1221
37.869720 148.018330 7744
38.133330 145.179170 21371
38.196670 145.156110 3272
38.222780 145.177220 14604
38.265830 145.179440 3306
38.292220 145.210280 9030
38.412780 145.074720 591
38.336940 145.176940 3377
38.354720 145.190830 2839
38.370560 145.184170 1084
38.384720 145.301390 116
38.465280 145.242500 6798
38.467220 145.316110 672
38.527500 145.370000 3016
38.332780 145.086940 3298
38.392220 145.178060 1428
38.393890 144.970280 471
38.485000 145.028060 860
38.197220 145.120280 17247
38.218330 145.033890 22422
38.216110 145.108330 1027
38.291940 145.016390 17087
38.355560 144.951390 9013
38.368610 144.996110 1905
38.348610 144.928610 2542
38.463060 144.910000 13616
38.363610 144.883610 4579
38.379440 144.805280 11702
38.360280 144.770560 2163
38.339440 144.741110 1448
38.302780 144.647220 445
38.401940 145.674170 968
38.438060 145.822220 4621
38.418330 145.808060 932
38.468330 145.955830 7281
38.557500 145.964440 2216
38.603330 146.128060 446
38.694440 146.081670 987
38.571670 146.305560 2285
38.656670 146.343610 1149
38.700560 146.456670 179
38.669170 146.435280 675
38.703890 146.666390 4003
38.060280 145.221670 11665
38.052500 145.260560 23767
38.105830 145.280830 67424
38.134720 145.329720 1218
38.471940 145.622220 665
38.211110 145.378060 3060
38.200830 145.486670 4262
38.322220 145.531390 4755
38.334720 145.669440 1332
38.343890 145.763890 894
38.438330 145.461390 412
38.563890 145.545830 603
38.490280 145.549720 9134
38.636390 145.731940 4960
27.461940 153.022220 14331
27.473330 153.048610 11329
27.457220 153.030560 14723
27.427780 153.066670 10454
27.426390 153.121390 350
27.431110 153.040000 1986
27.417220 153.057500 14423
27.394720 153.048060 19818
27.385280 153.072780 4305
27.383330 153.070830 10778
27.311670 153.041390 35809
27.246670 153.099440 19009
27.231390 153.103890 20374
27.226390 153.087220 9930
27.221390 153.046670 6683
27.076390 153.368060 298
27.439440 153.030560 15127
27.405830 153.030280 12610
27.381940 153.003890 14287
27.382220 153.053610 41832
27.348060 152.965560 23301
27.313060 153.016390 6946
27.340560 152.955830 7994
27.419720 152.994440 25848
27.412500 153.012220 41784
27.399440 152.957500 12963
27.402780 152.937220 19549
27.452780 153.015280 11562
27.448330 152.982780 12915
27.446390 152.944440 15949
27.461940 153.002220 9978
27.460830 152.983890 9254
27.462500 152.956670 16147
27.495560 153.013330 9143
27.499720 152.970560 21898
27.510000 152.945830 33074
27.553890 152.877780 10549
27.539440 152.947780 9329
27.544170 152.940000 23270
27.533610 152.979170 21201
27.563330 152.945830 6794
27.574720 152.968330 25157
27.477500 153.019440 19306
27.496940 153.030280 6261
27.520280 153.029720 13218
27.517500 153.019170 5539
27.526940 153.010830 12831
27.556940 153.001670 1256
27.545830 153.031390 6097
27.560560 153.047500 4714
27.566670 153.061110 35369
27.574440 153.019440 9573
27.558330 153.061670 1397
27.615280 153.094440 7777
27.594170 153.070280 27448
27.628890 153.099170 33202
27.607220 153.032780 17802
27.623610 153.079170 1211
27.664170 153.039440 29063
27.608330 153.108890 5328
27.509170 153.050000 8565
27.520830 153.061390 23782
27.544720 153.065560 41930
27.588060 153.110560 16090
27.683890 152.982780 18383
27.705000 153.037780 6914
27.619440 153.123890 21747
27.661110 153.170280 15879
27.673060 153.186670 6126
27.683060 153.250830 8028
27.672220 153.140560 9311
27.683330 153.112500 22488
27.692780 153.132780 14706
27.494440 153.060280 14945
27.493610 153.081940 42504
27.505000 153.125830 4593
27.480000 153.186940 9232
27.507500 153.153060 1076
27.551670 153.177220 2981
27.525280 153.190000 18675
27.487780 153.189170 3549
27.499440 153.221390 13796
27.495560 153.238890 17430
27.521940 153.229720 16727
27.518060 153.278610 14416
27.557780 153.265000 12805
27.585000 153.293060 33244
27.478890 153.033330 12603
27.458890 153.085560 21936
27.473330 153.059720 14543
27.433060 153.125560 3958
27.465280 153.122500 8539
27.459440 153.135830 2592
27.464440 153.145000 23976
27.465830 153.181110 18152
27.574440 153.461940 2025
27.620280 153.358890 6341
27.690000 153.157220 4589
27.709170 153.200830 47473
27.790000 153.211940 15755
27.804170 153.280830 34153
27.891670 153.311670 16275
27.982500 153.339440 56334
27.854170 153.360830 24473
28.081670 153.382500 27712
27.937780 153.373330 35807
27.955280 153.407780 44715
27.915280 153.399440 33737
27.998330 153.426670 35328
28.038060 153.425830 29664
28.109720 153.430830 540
28.065830 153.436670 28883
28.119170 153.442780 25603
28.140000 153.479720 14072
28.143060 153.493060 5279
28.172220 153.538330 6858
28.053330 153.418610 29248
28.109170 153.420000 18385
28.196670 153.345000 5105
28.075000 153.415830 1691
27.881110 153.127500 3462
27.906670 153.196940 2685
27.998060 153.180830 4348
28.018610 153.162780 2980
27.804440 153.021940 14877
27.910560 153.071110 18463
28.200000 152.796110 654
27.613330 152.884440 45131
27.596670 152.873060 23201
27.587220 152.827500 4150
27.596940 152.820280 15546
27.591940 152.757220 57602
27.405560 152.688060 31410
27.812220 152.664440 1144
27.926940 152.574170 2360
27.971940 152.661940 6009
27.503890 152.590560 9278
27.117220 152.548890 3014
27.083890 152.366670 1762
27.595830 152.600830 5856
27.805560 152.397780 13087
27.533330 152.406110 10502
27.508890 152.083060 2388
27.580280 152.563890 565
27.564170 152.196670 1105
27.384440 151.923060 1031
27.278610 151.994720 2768
27.722220 151.625560 4901
28.013890 151.240560 2466
27.657500 151.855280 1964
27.780000 151.938610 1134
27.799720 151.855830 485
27.938890 151.730000 2254
28.099720 151.873060 2708
28.060830 152.239720 17237
28.334720 152.311390 1182
28.495560 151.711670 347
28.536670 151.833060 155
28.576940 151.948890 485
28.655280 151.946670 7704
28.741670 151.874440 447
28.861670 151.866940 466
29.001390 151.056670 1158
28.419170 151.061110 1357
28.480000 150.720000 493
28.024440 150.604720 6815
27.867500 150.377780 13929
27.379440 150.065000 1492
27.645000 151.337500 676
26.767500 151.406390 829
26.780560 151.110560 1247
26.894170 150.866670 319
26.841110 150.788610 402
25.936940 150.720280 6685
26.651940 150.269170 1854
26.921670 149.879720 427
27.145000 149.135830 737
26.023890 149.750280 1051
25.556670 149.647500 1094
27.753610 149.994170 2210
27.321940 149.877500 665
26.643330 149.981390 218
26.385560 149.831390 249
26.178330 149.577500 212
26.383060 149.369440 863
25.881670 149.049170 988
26.908060 148.920560 8515
26.542780 148.110280 140
26.150000 147.750000 1623
26.133330 147.150000 304
26.399170 146.240000 3729
24.550000 145.366670 1590
25.796390 146.583060 584
24.233330 146.300000 612
26.123610 142.653610 977
25.304440 142.199170 353
28.375830 148.161390 710
27.617500 148.462500 3292
27.574170 147.629170 334
28.046390 144.970280 1857
29.000000 141.000000 405
28.066390 149.650560 190
28.233610 149.282780 363
28.635830 148.860000 380
28.136670 149.835000 217
27.291110 152.938330 37628
27.283890 152.979720 5355
27.266670 152.967220 8498
27.227220 153.055560 34305
27.204440 152.959720 16223
27.185560 152.978890 18727
27.111110 152.951670 19702
26.853890 153.148610 17048
27.196670 153.029170 19673
27.070560 152.931940 42205
27.059170 153.061390 8030
27.027500 152.889170 3012
26.856940 152.725000 5832
26.951670 152.570830 3539
27.026670 152.941390 3721
26.961940 152.957220 603
26.901670 152.955280 4791
26.842500 152.874170 7553
27.296940 152.750000 12241
27.067220 152.779720 4467
26.822500 153.003060 4176
26.782500 153.137500 48891
26.780000 152.912780 7774
26.733890 153.043610 5309
26.731940 152.990000 1812
26.688890 152.959170 6677
26.669440 153.064170 38724
26.685560 153.120000 14345
26.653890 153.055280 16699
26.646390 152.959170 5944
26.669170 152.932500 28041
26.521940 152.882500 6586
26.457780 152.978890 7194
26.418060 152.907780 7924
26.634720 153.097500 9866
26.345000 153.000000 13966
26.408060 153.045560 7116
26.388060 153.088060 10341
26.234720 153.027500 3350
26.179720 152.871390 39095
26.665560 153.103890 3716
26.529440 153.066110 21402
26.595830 152.725830 1214
26.681670 153.137500 21147
25.918330 153.003890 4512
25.906940 153.089720 1298
26.085830 152.251110 957
26.183890 152.067220 1064
26.135560 151.871670 4697
26.320830 151.873610 2127
26.401670 151.825830 878
26.538890 151.837500 14487
26.095000 151.438330 414
26.138610 151.610560 498
26.835830 151.969440 1228
26.800280 151.915000 6859
25.518890 152.289440 577
25.614720 151.890560 1347
25.565280 151.503890 3050
25.690000 150.866670 2032
25.333890 151.231940 630
25.188330 151.381390 2614
25.596390 152.795830 32849
25.308330 152.841670 55298
25.186390 152.573330 4136
25.286940 152.144720 6756
24.836110 152.105280 77159
25.146670 151.829170 5883
24.698330 151.960000 1377
24.547780 151.703610 230
24.379440 151.671940 3047
24.023610 151.762220 889
23.948330 151.345280 50831
23.797220 151.159720 238
23.810830 150.978330 1283
23.652220 150.644170 544
23.184440 150.936110 18115
23.325000 150.501670 42364
23.076390 148.502220 25365
22.885830 150.628330 20640
22.757220 149.863330 427
22.310000 149.511110 394
23.075000 148.477780 1483
23.646110 150.388610 3013
24.335000 150.620830 7172
24.358330 150.938610 988
23.657220 148.986390 5101
24.593890 149.155830 2584
24.765000 150.324170 895
23.653610 148.074170 13883
22.955560 147.539440 3743
24.865000 146.948610 1641
24.147500 146.758610 572
24.087780 145.500000 1651
24.926390 144.414720 213
22.153890 143.939720 381
22.779170 142.217780 953
21.499170 149.161670 7651
21.609720 149.247500 1103
21.904440 149.406390 400
21.633330 153.766670 79544
21.968330 149.660280 8377
21.611390 148.182780 1492
21.670830 147.960830 1309
21.941390 148.289720 8966
22.423330 148.338060 3004
23.033330 149.054170 1915
21.033890 149.160280 5345
21.242500 149.000560 4333
21.094720 148.959440 3018
21.179720 148.828890 1977
21.146940 148.634170 534
21.222500 148.529170 427
20.900280 148.776940 567
20.774170 148.641390 842
20.831940 148.555000 8685
20.051110 148.888330 307
20.278610 148.659720 8344
20.353330 148.947780 1208
20.398890 147.865000 2410
19.887500 148.074720 10482
19.824720 147.573060 4023
20.046390 147.277220 11094
19.560830 147.328610 1270
19.533890 147.205000 903
19.201670 146.770830 21524
19.347780 146.833890 11754
19.274720 146.801110 19478
19.344720 146.780280 492
19.239170 146.773330 44389
19.386390 146.733330 20523
18.269170 146.023330 8589
19.312780 146.739440 29740
19.257780 146.741390 20306
19.135000 146.784720 2199
21.156670 146.410000 10793
20.083330 144.701110 1499
20.705560 140.505560 2798
19.641390 138.521940 187
22.777780 140.590000 760
17.888610 138.263060 1457
18.527220 146.004170 11521
17.862780 146.106110 5453
17.805560 146.004170 833
17.748330 146.020000 540
17.785000 146.096670 170
17.581940 146.032220 1261
17.596940 145.995280 411
17.716670 148.450000 11187
17.354170 146.021110 1069
17.088060 145.785830 7656
16.968060 145.726670 21454
17.016110 145.760000 17629
16.877500 145.754170 66309
19.206670 144.363610 16105
18.297500 145.485000 3645
16.483890 145.378060 6010
12.570000 141.598330 4956
9.143330 143.875000 7490
10.896670 142.389720 2314
16.848330 145.734440 11635
16.717780 146.700560 17137
17.006940 145.421940 12135
17.225830 145.455280 2425
17.348330 145.517220 8077
17.508060 145.490000 3705
17.519170 145.608060 844
17.880830 141.584440 1466
17.508330 140.825000 590
34.931940 138.599720 12637
34.913330 138.598330 6677
34.903610 138.575560 6117
34.891670 138.548330 13413
34.903330 138.545280 4942
34.874170 138.563610 5745
34.885280 138.531940 9727
34.870280 138.537500 9708
34.839720 138.535560 9883
34.870830 138.530830 11566
34.833890 138.515000 5792
34.825830 138.503330 8365
34.795280 138.504170 4964
34.772500 138.490560 5821
34.853330 138.489720 9139
34.876390 138.483610 2971
34.867780 138.500830 5730
34.902500 138.492500 14656
34.881940 138.501670 15934
34.943890 138.568060 7849
34.943610 138.587780 9667
34.950830 138.576110 5862
34.945830 138.551390 10154
34.960000 138.560560 14418
34.986940 138.571670 8300
34.968890 138.588890 12974
35.009720 138.570830 10396
34.980000 138.541670 17583
34.978060 138.535830 10416
34.986670 138.513060 15453
35.016940 138.543890 8008
35.025560 138.561110 7499
35.010560 138.527220 13487
35.043330 138.524440 9473
35.026670 138.576390 5427
35.037500 138.625830 13285
34.999170 138.621670 6368
34.943060 138.602500 9651
34.978330 138.618610 14889
34.946390 138.623330 11805
34.970280 138.633610 9577
34.943330 138.630830 9588
34.941110 138.659720 11295
34.919170 138.636670 9955
34.922500 138.647500 11805
34.911940 138.626940 8274
34.906110 138.654440 14192
34.931390 138.689440 11968
34.878330 138.655000 12237
34.868610 138.656110 10267
34.872220 138.699170 9257
34.888330 138.633060 8645
34.882220 138.600280 14506
34.873890 138.616940 7262
34.865280 138.580280 9473
34.861110 138.618610 15783
34.856670 138.638890 15157
34.875560 138.647220 10433
34.857780 138.658330 3176
34.862500 138.692220 6650
34.848330 138.684440 7638
34.822220 138.730000 7342
34.833330 138.689440 15875
34.823610 138.599440 791
34.812500 138.619720 17928
34.819170 138.665560 14456
34.828890 138.692780 13319
34.822780 138.649720 12124
34.792220 138.635000 76
34.796670 138.599170 15324
34.765560 138.638610 37959
34.773610 138.667220 20336
34.796390 138.585560 8122
34.730000 138.620560 190
34.757780 138.654170 18736
34.711940 138.665280 18687
34.720560 138.765560 29096
34.615560 138.732500 7708
34.650830 138.640000 2366
34.607500 138.748610 17288
34.697500 138.521390 1745
34.700830 138.599170 1292
34.775830 138.687500 18507
34.795000 138.731940 7215
34.798330 138.673060 8000
34.838060 138.743330 887
34.855560 138.745280 342
34.900560 138.724170 445
34.923060 138.723330 540
34.944170 138.685560 462
34.954170 138.715560 700
34.961110 138.736670 547
34.948060 138.804440 436
34.990560 138.739170 6020
35.040000 138.735000 6450
35.017780 138.737780 3199
35.007780 138.759170 3769
35.027500 138.671390 1004
35.151110 138.658330 2720
35.053330 138.552780 24027
35.071390 138.615280 33148
35.098610 138.489170 27
35.096110 138.531390 9782
35.103890 138.561110 33456
35.139170 138.509170 14152
35.138330 138.498890 5134
35.133610 138.475560 5268
35.125560 138.471670 1934
35.172220 138.478060 5253
35.140280 138.495280 4741
35.179440 138.467780 13925
35.213330 138.491940 5729
35.293060 138.579440 3914
35.275280 138.468330 11817
35.238890 138.730000 1752
35.376670 138.379170 595
35.462500 138.375000 1017
35.444440 138.337220 2341
35.345000 138.620830 1735
35.436390 138.486670 14450
35.503060 138.660830 1967
35.511940 138.781390 7795
35.791110 137.258610 140
35.777220 137.773060 216
35.737780 137.938890 595
35.646390 137.632500 3463
34.781940 138.810280 1172
34.842780 138.825000 471
34.849170 138.873610 1394
34.848610 138.935560 1303
34.753330 139.067780 1929
34.851390 139.132500 76
34.890830 139.631940 3698
34.915000 138.837220 530
34.884440 138.870000 2346
34.997220 138.827780 1077
34.978610 138.841940 921
34.955000 138.874720 4303
35.032500 138.808890 3421
35.051390 138.836110 3104
35.068330 138.858890 12686
35.010000 138.911110 5787
35.116940 139.249440 17885
35.190830 139.325000 2264
35.254720 139.454440 1802
35.676670 139.649170 392
36.713890 140.954170 532
37.293610 140.833890 334
35.686940 139.339170 1501
35.701390 139.853610 816
35.884720 140.055280 275
36.234440 140.099170 2147
36.326390 140.778330 3006
36.363610 140.906940 275
36.450830 140.473330 1012
36.685000 140.641940 6726
36.975830 140.366940 979
36.128060 139.648890 2281
37.173610 139.770280 1401
37.348890 140.845280 2574
37.562220 140.700000 519
37.603610 140.483060 380
37.603060 140.354170 7460
37.818890 140.764440 24905
37.693330 140.856390 8559
35.345560 139.963610 483
35.331110 140.506390 847
35.298330 140.664170 411
35.768610 140.892780 557
35.101110 139.898330 574
34.742500 139.954440 228
35.023890 140.048330 158
34.737500 140.506940 586
34.036390 139.670280 612
34.057500 139.756670 442
34.169720 139.950280 961
34.176670 140.039720 3049
34.223060 140.345830 644
34.251390 140.228890 121
34.373890 140.183330 5615
34.185000 140.796390 1335
34.236940 140.668890 7491
34.238610 140.558060 1158
34.291670 140.601390 5101
34.273060 140.522500 930
34.257500 140.463330 3440
34.243060 140.394170 422
34.575000 138.861110 441
34.727500 138.925830 5602
34.519440 138.957500 4968
34.573610 139.004440 3871
34.572220 139.602500 452
34.463610 138.996940 7044
34.397780 139.097220 638
34.412500 139.811110 619
34.456670 138.960560 1097
34.531110 138.747220 1391
34.455830 138.809720 1928
34.345000 138.912220 3151
34.173330 139.082780 1480
33.993610 139.343890 336
34.360000 138.675830 875
34.369170 138.759170 225
34.273890 138.762220 311
34.159170 138.746390 1212
34.083890 138.781390 739
34.001940 138.815000 252
33.904720 138.737500 370
33.557220 139.587220 1752
33.418890 138.894440 236
33.136940 139.090560 230
33.026390 139.001110 1933
32.833330 138.690280 842
32.362780 138.051110 1453
31.922500 138.443610 249
32.985560 139.155000 493
34.199170 138.659170 595
33.933610 138.675560 453
33.836940 138.614440 4518
33.494440 138.613610 386
34.267780 138.545830 636
34.143330 138.412500 2561
33.841390 138.492220 378
33.638060 138.512780 226
33.360830 138.390830 263
33.266940 138.353890 795
33.184720 138.298890 794
32.959440 138.230830 524
32.879720 138.349720 584
32.827220 138.186940 406
32.807220 138.163330 815
33.193060 138.456940 182
33.277220 138.574440 1717
33.010830 138.003330 523
34.628610 138.465560 6692
34.561110 138.608610 1653
33.905000 138.129720 360
33.788890 138.210000 619
33.233060 138.214170 1694
33.104720 138.024170 15212
34.256110 138.177500 866
34.058060 137.917780 86
33.962500 137.705560 5210
33.585830 138.140280 523
33.907780 137.631390 3673
34.070280 137.586110 4011
33.867500 138.005560 413
34.288890 137.994440 832
34.426670 137.916940 1581
34.247780 137.779170 392
34.458060 137.363330 2056
34.527220 137.601390 2969
35.018610 137.618060 845
35.115830 137.515830 200
34.630000 137.720830 434
34.779720 137.856940 489
35.023610 137.758610 542
35.117220 137.826670 686
33.286110 137.104720 7047
32.741670 137.141670 166
33.316390 137.378330 1069
33.767220 136.738060 228
33.958890 136.241390 137
34.357220 136.089440 1827
34.696940 135.915000 14088
34.351670 135.953610 4593
33.038060 137.550560 13853
34.375560 135.710000 221
34.359170 135.549170 1046
33.650000 135.976110 434
33.650830 136.518330 973
33.141110 136.419440 1148
33.473890 136.298060 536
33.243890 135.596390 298
33.056390 135.464440 556
32.911670 135.002220 355
33.726940 135.150000 295
32.900280 134.093330 2280
32.065000 133.303890 4025
32.805830 137.701940 11768
29.508330 136.588890 2955
31.352500 136.989170 214
30.474720 137.165280 594
29.017780 134.752780 1694
27.300830 133.617500 673
30.486390 136.890000 4718
28.104170 140.195830 1137
30.766390 139.461390 166
27.168610 134.756940 168
31.956940 115.853890 9237
31.960000 115.868610 8181
31.952500 115.846670 5167
31.931110 115.850000 8544
31.935280 115.839440 6746
31.954170 115.828330 13858
31.968890 115.813610 16570
31.967780 115.798890 15483
32.003060 115.759440 8926
32.016940 115.774170 8599
31.942780 115.824440 18984
31.934170 115.768890 6354
31.917500 115.832220 9564
31.915280 115.813890 4048
31.905280 115.796670 34381
31.927220 115.774170 20153
31.843610 115.749720 20283
31.865280 115.809440 19150
31.855830 115.817780 4984
31.842500 115.763330 15025
31.845560 115.794720 13426
31.815830 115.769720 29798
31.779440 115.781110 22424
31.764720 115.745830 42096
31.745280 115.771110 20112
31.878330 115.752500 2665
31.677220 115.701670 37590
31.725830 115.747780 11331
31.660000 115.774440 212
31.625000 115.714720 738
31.545830 115.639170 4247
31.495830 115.583060 2241
31.455000 115.663330 1368
31.277220 115.440000 81
31.106110 115.371670 207
31.024170 115.329440 1476
31.939170 115.875830 14918
31.926670 115.891390 12352
31.914170 115.876110 10443
31.906390 115.918890 13525
31.910280 115.929170 19766
31.880830 115.963890 12054
31.764170 116.008330 37072
31.954720 115.988610 16114
31.981390 115.999440 11811
31.897500 115.827220 21885
31.864170 115.826670 33694
31.886110 115.858060 31117
31.857780 115.934440 13996
31.845280 115.874440 30441
31.791940 115.815000 52077
31.803610 115.883610 133
31.906940 116.085280 3524
31.905830 116.089170 3520
31.950000 116.175000 3015
31.902780 116.215280 942
31.995830 116.070000 21504
31.681110 115.967500 6388
31.980560 115.890000 13609
31.991110 115.914440 14992
32.011110 115.904440 13833
31.966670 115.886670 8402
31.955000 115.922500 13288
31.924720 115.989170 13517
31.991110 115.951110 18
32.041390 115.966110 36880
32.060560 115.953610 22965
32.049170 115.980000 10636
32.058330 116.019170 34862
32.095000 116.078890 22059
32.143890 115.914440 40250
32.076940 115.842500 13264
31.976390 115.849720 16438
31.998330 115.880280 24371
32.031670 115.826940 19032
32.040830 115.823060 9663
32.067500 115.899170 48059
32.030830 115.809170 16020
32.036390 115.788890 12958
32.029170 115.761670 6930
32.033610 115.747220 2726
32.041110 115.750000 7670
32.005560 115.543060 115
32.069440 115.747780 10380
32.100280 115.782780 46260
32.088890 115.856110 47546
32.199440 115.777220 123
32.155000 115.809440 8200
32.182500 115.877500 22503
32.261110 115.752220 23468
32.375280 115.743060 34328
32.272780 115.844440 6602
32.352220 115.788330 15882
32.407500 115.767500 10430
32.433060 115.765830 2176
32.450830 115.760830 3011
32.502500 115.985830 1083
32.645560 115.943330 9617
32.524440 115.726110 60892
32.648890 116.023060 701
32.742500 115.873890 363
32.791110 116.045830 3584
32.950280 115.883330 482
32.956670 115.746390 4696
33.114440 115.926940 442
33.258890 115.836110 1220
33.244720 116.075830 9126
33.285000 115.832780 619
33.291390 115.878610 519
33.354170 115.702780 513
33.295280 115.646670 40639
33.397780 115.913330 1948
33.474170 115.755280 2546
33.493060 115.866390 4056
33.612780 116.218330 1587
33.716670 115.883330 437
33.793060 115.967780 559
33.850280 116.050000 633
33.959440 116.136390 3479
34.055000 116.166940 207
34.133610 116.756110 6306
34.337780 116.138610 1542
34.631940 116.121670 769
33.598890 115.662500 2850
33.793610 115.828060 1262
33.657500 115.313610 23483
33.575830 115.022780 5552
33.641670 115.031940 1251
33.891110 115.014720 1606
33.951940 115.075560 7527
34.080000 115.027500 582
34.167220 115.059720 407
34.348060 115.165830 1646
31.791110 116.851110 3394
32.127500 116.298060 1565
32.324720 116.713890 934
32.600280 116.911670 1600
32.658890 117.108890 265
32.752500 117.008890 601
32.968330 117.097500 4927
33.379720 117.452500 1849
33.423330 117.420560 417
33.724440 117.448610 4182
33.789440 117.626390 234
34.040830 117.666390 907
34.299170 117.767220 267
34.371940 117.546110 459
34.401670 117.810560 985
34.634440 117.654720 3025
34.776110 117.715830 506
34.559720 118.211670 429
35.019720 117.888060 32922
34.968330 116.975280 5195
33.974170 117.943890 839
34.039440 118.680000 247
33.739720 118.813610 477
34.419720 118.519440 750
33.535000 118.238610 277
33.654720 118.770560 238
33.522500 120.065000 733
33.934170 120.131670 1395
33.099170 117.705280 199
33.233610 117.932780 405
33.401940 118.520560 727
33.399720 118.991390 855
32.612500 118.876940 238
32.683330 119.700000 522
32.533610 118.499440 610
32.416940 118.301670 282
32.237780 118.853060 630
32.496390 117.741110 234
32.500830 117.918060 828
32.738330 116.333060 2225
32.847500 116.896390 913
33.469440 116.912220 490
33.501390 116.882780 381
34.207500 116.768890 1572
34.312220 117.216390 355
34.966670 116.716390 562
31.657220 116.649720 7603
31.635000 116.791110 199
31.736940 117.043330 268
31.654720 117.226670 1042
31.740280 117.355830 399
31.893060 117.703330 1185
31.540000 118.053330 147
31.551940 118.104170 2897
31.983330 118.340560 720
31.173610 118.480560 238
31.021110 118.610560 278
31.209170 119.042780 165
30.203330 119.110000 1094
30.955560 121.163060 1525
30.705280 121.230000 23005
30.389170 121.637500 679
30.748060 121.631390 7733
30.853890 128.096110 147
29.661940 119.312500 181
27.610000 120.546940 1295
29.247500 122.130560 1217
28.813890 122.423610 1093
31.073060 121.658890 2697
31.607220 121.520830 1142
33.682780 121.827220 447
33.447220 122.491670 12378
31.348060 116.657780 988
31.077500 117.089170 371
30.213890 117.116390 206
30.206670 117.666940 185
30.278330 117.335830 435
30.816670 117.850000 295
31.175830 118.325280 492
30.984440 119.113330 378
31.386940 117.501670 522
31.116110 117.790000 348
31.168060 118.141670 230
31.531670 115.957220 1018
31.383890 116.093330 1062
31.296670 115.927220 2043
31.145000 116.054720 285
30.895560 115.891670 401
30.967500 116.330830 318
30.787500 116.239720 2050
30.651110 115.434440 462
30.388330 116.181940 191
29.963060 114.977780 611
30.112500 115.993330 454
30.390000 115.182780 1507
29.685280 116.030000 429
29.918330 115.270000 114
29.466670 115.733330 616
30.468610 115.658330 334
29.192780 115.583610 481
29.636110 115.088890 3566
28.758610 114.619440 31963
28.364720 114.879720 5789
27.447780 114.766110 1486
27.567780 114.672500 1498
26.816940 114.611670 634
31.872500 116.358330 1846
31.818330 116.323890 2172
31.794170 116.360830 1284
31.750280 116.466670 1147
31.685280 116.560000 332
31.586390 116.339720 3087
31.235560 116.587220 249
31.115560 116.606110 333
30.182220 116.269720 240
30.880830 116.549720 1126
30.511670 117.001110 303
30.376390 117.004170 256
30.341390 116.545280 564
30.149720 116.490280 239
29.087500 115.702780 1616
28.506670 115.697220 531
28.786110 116.935560 519
28.065280 117.842780 645
27.478610 119.161110 105
26.239440 116.900000 272
26.591110 118.493890 1376
27.236940 120.586390 1158
26.003330 113.196940 5787
25.055000 115.206670 247
22.376670 114.109170 2392
24.899170 113.650560 2379
20.138890 116.421670 1265
21.448330 115.952220 18272
21.975280 116.066670 655
21.144440 116.995560 812
20.706670 117.121670 2550
16.491110 123.522220 5198
20.409170 118.594170 10543
17.856670 122.274720 9856
16.319170 128.032500 1753
15.774440 128.734720 6346
21.635000 117.296670 5460
23.455830 119.796940 9087
23.196940 117.671390 1507
22.291670 120.174720 178
21.124440 119.856390 511
21.723610 122.218890 1173
18.192220 125.560280 1518
17.268060 127.607780 3264
42.882220 147.302500 13428
42.887780 147.336110 7170
42.903890 147.336390 12637
42.921110 147.314720 2921
42.867500 147.309170 11823
42.843610 147.290560 12319
42.833060 147.267780 15829
42.794170 147.266670 14420
42.833610 147.222500 831
42.852500 147.351940 9898
42.813890 147.340000 2678
42.778060 147.352780 4731
42.867780 147.387500 20060
42.918610 147.429440 5491
42.993060 147.522780 2454
42.910830 147.490830 2281
43.060280 147.415830 833
42.977780 147.391670 328
42.733330 147.437220 1854
42.666390 147.421940 844
42.536390 147.363610 372
42.793610 147.190280 16809
42.985560 147.314170 11763
43.003610 147.315830 6727
42.952780 147.353610 3511
42.899170 147.235000 7954
43.379170 146.991940 7907
43.242220 147.151110 2813
43.093060 147.008060 1102
43.149440 146.936670 2361
43.315280 147.014720 762
42.371110 147.461110 2008
42.306110 146.439720 10661
43.008060 147.138330 2674
43.128330 147.247220 985
43.170560 147.223890 645
43.226110 147.253890 240
42.840280 147.500000 4683
42.804170 147.529440 3008
42.785560 147.561110 3152
42.838330 147.616390 6188
42.890830 147.805830 472
43.016390 147.921390 339
43.144720 147.961670 275
43.144720 147.846110 251
43.207780 147.784720 87
43.106670 147.742500 766
42.612500 148.106940 3006
42.218890 147.777780 423
41.918060 147.162780 994
41.809720 147.295560 424
41.545000 147.204170 1840
41.917220 147.834170 301
41.549170 147.852220 647
41.505830 148.269170 3285
41.335000 148.286110 3396
41.403330 147.119170 15416
41.461110 147.150000 12307
41.437500 147.139170 47236
41.018330 147.105830 2267
41.108330 146.823330 5099
41.065280 147.180000 491
39.883610 147.822780 708
40.016390 144.007220 1565
40.358060 148.020000 67
41.556670 147.194440 940
41.412780 147.223330 457
41.163330 147.515560 3217
41.155280 147.401670 206
40.925000 147.652500 1716
41.335000 147.838890 740
40.882500 147.881940 681
41.099170 147.816940 274
41.263330 147.106390 883
41.349440 147.136390 1066
41.113610 146.788060 4095
41.275830 146.826940 3049
41.294170 146.968330 562
41.358330 147.047220 5259
41.509440 147.059720 2060
41.535000 147.009720 870
41.491670 146.872500 696
41.651110 147.260560 3040
41.610560 147.115560 4015
41.789440 146.988330 1780
41.518060 146.831110 2342
41.643330 146.176110 5876
41.332780 146.415000 1231
41.533610 146.001390 3953
41.178060 146.448610 9250
41.209170 146.346390 27181
41.157780 146.167500 14271
41.396390 145.925000 6015
41.047500 145.878890 16722
41.341670 145.727500 4692
41.046670 145.828610 3974
40.955000 145.727500 8570
40.928060 145.173330 6755
40.764720 145.298330 482
42.051940 145.551940 1973
42.149440 145.317780 660
41.726110 145.128610 933
41.868610 145.557500 922
12.473330 130.843890 4545
12.408890 130.854440 29722
12.401670 130.884440 19316
12.428890 130.870280 19050
12.446110 130.765000 24109
12.460000 130.961940 1697
12.446390 130.955830 17978
12.497220 131.042780 5198
12.576940 131.073060 7085
12.733610 131.083330 531
13.116110 131.006940 335
13.248610 131.107780 235
14.142220 132.110830 384
14.523610 132.159440 7587
14.987500 131.516390 7974
14.516670 132.416670 739
16.207220 136.562500 928
19.636390 134.181390 3060
16.223330 136.966110 696
23.714440 133.870560 25185
12.194720 136.763610 5950
13.858890 136.426110 983
12.693060 132.470000 1129
35.326940 149.095560 6897
35.261110 149.131110 28575
35.322220 149.136670 8620
35.312780 149.141940 8649
35.324440 149.076390 11332
35.334170 149.069170 8170
35.366110 149.117500 13463
35.295560 149.171940 897
35.308890 148.808890 23240
35.241940 149.039720 19118
35.216940 149.036390 43700
35.240280 149.061670 29649
35.417780 149.065280 1486
35.373890 149.075000 15448
35.405280 149.092220 9573
35.385280 149.116110 13037
35.411390 149.140000 29221
35.455000 149.106670 18135
35.213060 149.142780 571
10.416670 105.676110 2070
12.188890 96.826390 554
23.860280 133.798060 15483
34.894720 150.603330 41740
35.095830 149.085560 1392
35.388330 149.171110 36435
35.101110 143.527780 10745
35.916110 145.652220 8780
28.925280 151.928890 722
19.239440 136.337500 22263
