51.14 114.16 130942 
51.02 114.09 124197 
51.08 114.07 114615 
51.02 113.96 110479 
51.13 113.97 129015 
50.91 113.99 125738 
50.93 114.11 120750 
51.07 114.2 132162 
51.8 111.9 114825 
53.32 113.62 116986 
53.44 113.42 112919 
53.38 113.3 118073 
53.52 113.88 128945 
53.62 113.58 126447 
53.52 113.46 99267 
53.555 113.55 120326 
53.59 113.45 128199 
56.7 112.5 100805 
49.4 112.5 113531 
50.25 113.8 107638 
50 111.2 113085 
57.7 117.3 138009 
52.1 113.75 124063 
53.2 111.5 111427 
54.3 112 101010 
52.7 114 107914 
51.8 115.1 115872 
53.7 116.3 103111 
49.08 122.3 124515 
49.4 119 95477 
49.26 122.96 112119 
49.21 122.97 118713 
52.5 123.5 106382 
50.3 122.2 112118 
49.13 123.04 106103 
48.45 123.9 120669 
49.156 122.757 123243 
51.6 120.25 114675 
49.9 119.25 122214 
50.7 116.5 86811 
49.09 122.56 117858 
49.2 125 121434 
48.8 124.2 125149 
49.24 122.86 111231 
49.13 122.88 118649 
49.42 122.98 122371 
49.9 120.2 107316 
50.6 118.9 116236 
49.4 122.3 120662 
49.41 122.73 116563 
56.5 122.5 105865 
49.17 123.16 114137 
48.7 123.4 115724 
56 128 91926 
49.07 122.77 111756 
49.185 122.857 111960 
49.28 123.12 123701 
49.27 123.07 106816 
50.75 126.25 113356 
49.246 123.076 119815 
49.25 123.19 119627 
49.22 123.09 120284 
48.44 123.32 108771 
49.8 123.7 129241 
70 85 29474 
64 120 41464 
64 136 30372 
49.55 100.2 84602 
49.87 97.36 81469 
56.25 97.5 75232 
51.3 100.4 75103 
49.9 97.04 78700 
50.02 97.05 81532 
49.6 98.2 85653 
49.7 96.1 87737 
49.85 97.06 84473 
51.4 97.9 90807 
49.9 97.17 81017 
49.95 97.18 79366 
49.8 97.14 84424 
49.86 97.18 78286 
47.5 65.5 78948 
46.4 64.7 76259 
46.1 66.2 85886 
45.7 65.2 69471 
47.7 67.5 62593 
46.9 65.8 53844 
46.09 64.77 89334 
45.5 66.5 63232 
45.3 66.05 82078 
46.5 67.25 68352 
47.3 53.4 78381 
48.75 55.3 86394 
49.75 57 73171 
54.25 61.5 26364 
48 56.5 71219 
47.59 52.75 88002 
47.44 52.8 81938 
45.7 61 71968 
45.3 62.4 72966 
45.4 63.5 87895 
44.67 63.56 87886 
44.5 63.6 89448 
44.6 63.75 88756 
45 64.1 81531 
44.75 63.4 86963 
44.3 64.8 82855 
46.3 60.5 76801 
44.6 65.4 86393 
43.91 79.08 117183 
48 83.5 77961 
43.29 80.05 111844 
44.38 79.7 128430 
43.69 79.31 104831 
43.74 79.69 152700 
43.75 79.8 131797 
43.7 79.84 170422 
43.13 80.27 125136 
44.44 80.9 105947 
43.34 79.8 118310 
43.35 80.34 129434 
45.31 76.04 128915 
42.32 82.12 109484 
43.67 79.44 104615 
43.76 79.34 109640 
43.73 79.37 117083 
43.97 80.16 111486 
44.13 78.87 118500 
43.72 79.44 110066 
42.82 81.13 110028 
42.16 82.79 123872 
43.62 79.52 114641 
43.67 79.55 111349 
43.73 79.58 108501 
45.4 74.9 104309 
43.55 80.23 114943 
42.89 80.13 107775 
44.73 78.5 119141 
43.49 79.84 151943 
43.25 79.86 117509 
43.21 79.73 116434 
43.2 79.84 122729 
43.82 81.29 104313 
52.5 91 64291 
44.3 76.4 119069 
43.52 80.62 114405 
43.49 80.57 126742 
43.43 80.49 107540 
42.86 81.76 107635 
44.76 76.75 117389 
44.67 75.93 99206 
42.99 81.17 107218 
43 81.29 115250 
42.93 81.42 118335 
43.84 79.28 127191 
43.64 79.64 136470 
43.56 79.68 143361 
43.59 79.75 130033 
43.6 79.6 126642 
43.55 79.6 110932 
45.26 75.62 133245 
44.02 79.45 121924 
43.08 79.12 126696 
43.1 79.54 111024 
47 81 89377 
46.4 79.32 90963 
44.1 77.98 123706 
43.92 79.36 169642 
43.45 79.7 113714 
43.91 78.84 116881 
45.43 75.53 109950 
45.44 75.65 101611 
45.4 75.7 109336 
45.36 75.64 117581 
45.35 75.8 109735 
43.13 80.79 102756 
43.65 79.46 102142 
45.72 79.86 90281 
43.61 80.92 103874 
44.42 78.14 116626 
43.81 79.13 106602 
44.64 77.52 113227 
45.53 77.09 98803 
43.86 79.43 122614 
42.88 82.24 105360 
46.73 84.3 89028 
43.8 79.31 111867 
43.76 79.25 108813 
43.81 79.23 130974 
43.76 79.28 108010 
43.71 79.26 102196 
44.31 79.9 125985 
44.67 79.65 119400 
43.17 79.26 98803 
43.69 79.41 111131 
45.13 75.01 99764 
46.4 81.22 92161 
43.81 79.44 131978 
48.7 92 85153 
50 88 82589 
51.5 82 80791 
43.68 79.34 103655 
43.67 79.38 121407 
43.65 79.41 115361 
43.83 79.58 154206 
42.98 79.26 112875 
43.64 80.23 111241 
43.96 78.96 135893 
43.78 79.4 129356 
42.26 82.9 118478 
42.28 83.04 122219 
44.17 79.49 120371 
43.76 79.46 113457 
43.69 79.49 114458 
43.75 79.53 103948 
46.27 62.61 35067 
46.25 63.12 32174 
46.67 64.1 34814 
46.34 63.38 33796 
54.5 73.5 80894 
47.5 79 102795 
45.55 73.67 100471 
45.66 73.65 104765 
45.8 74.7 111534 
46.2 72.5 91745 
46.2 70 103617 
45.15 73.8 106856 
46.9 71.2 101331 
46.4 73.1 107911 
45.61 73.62 100683 
45.15 72.7 92591 
45.39 73.44 113965 
45.45 73.22 116925 
46.91 71.31 94522 
45.35 73.67 107165 
50 70.5 96483 
45.45 71.7 100148 
45.85 72.45 92982 
48.4 65.5 82007 
45.52 75.63 108742 
48.7 66.8 73140 
45.55 73.55 100915 
45.63 73.56 106196 
45.43 75.82 110902 
45.47 73.57 112863 
46.7 73.9 108169 
48.55 71.4 97232 
45.64 73.51 99685 
45.44 73.87 105622 
45.44 73.62 100327 
46.8 75.1 105884 
45.53 73.58 101758 
45.56 73.74 102230 
45.55 73.82 111958 
46.6 70.6 105927 
45.56 73.44 98032 
46.55 71.55 100454 
46.77 73.38 101730 
46.84 73.35 96286 
51.2 65 83608 
45.63 73.79 107149 
45.9 71.3 87078 
45.85 73.7 122825 
47.3 69.8 97492 
48.1 69.9 90535 
45.49 73.65 98888 
45.455 73.72 104715 
45.51 73.6 95771 
45.54 73.63 101019 
45.49 73.84 105504 
46.5 77 99589 
47.1 71.75 93526 
46.81 71.26 95433 
45.8 73.45 109636 
45.8 71.9 100116 
48.85 68.7 84453 
45.58 73.9 97258 
45.85 74 101576 
49 73 78895 
45.545 73.59 105864 
45.49 73.39 101416 
45.6 72.8 95983 
45.2 73.2 102902 
45.51 73.5 94541 
45.505 73.71 109015 
45.58 73.59 104786 
47.5 73.5 96968 
45.4 72.7 100000 
45.45 71.93 101681 
45.74 73.76 107694 
46.36 72.58 94272 
45.35 74.25 120395 
45.7 73.28 97726 
45.48 73.59 100360 
52.6 109.05 71184 
51.8 106 76273 
50.15 108 60551 
56.8 106 67937 
50.2 105.4 65956 
53.1 104.7 71159 
51.1 105.4 65885 
51.1 103.95 66698 
52.5 105.3 75051 
52 107.7 69547 
52.75 107 72867 
49.6 103.3 62238 
50.25 103.95 75717 
51.75 102.6 66094 
