32.536 86.644 54571 
30.659 87.746 182265 
31.87 85.405 27457 
33.015 87.127 22915 
33.977 86.567 57322 
32.101 85.717 10914 
31.751 86.681 20947 
33.771 85.822 118572 
32.917 85.391 34215 
34.069 85.654 25989 
32.854 86.726 43643 
31.991 88.248 13859 
31.685 87.818 25833 
33.267 85.862 13932 
33.671 85.516 14972 
31.402 85.989 49948 
34.703 87.801 54428 
31.428 86.992 13228 
32.931 86.243 11539 
31.243 86.448 37765 
31.732 86.319 13906 
34.131 86.869 80406 
31.43 85.609 50251 
32.333 87.114 43820 
34.46 85.803 71109 
32.597 86.142 79303 
31.121 87.168 38319 
34.047 86.034 104430 
33.732 87.752 17241 
34.441 87.842 31704 
31.09 85.824 26790 
32.844 87.964 9045 
32.752 87.623 15760 
31.516 85.239 17302 
31.158 85.296 101547 
34.763 85.977 53227 
33.553 86.896 658466 
33.787 88.087 14564 
34.904 87.65 92709 
34.529 87.321 34339 
32.604 85.353 140247 
34.81 86.981 82782 
32.147 86.65 11299 
32.387 85.692 21452 
34.764 86.551 334811 
32.247 87.791 21027 
34.138 87.881 30776 
34.309 86.321 93019 
30.684 88.196 412992 
31.58 87.383 23068 
32.203 86.203 229363 
34.454 86.846 119490 
32.639 87.293 10591 
33.296 88.096 19746 
31.798 85.941 32899 
33.296 85.464 22913 
32.289 85.186 52947 
33.712 86.315 83593 
33.262 86.678 195085 
32.597 88.2 13763 
33.369 86.175 82291 
32.863 85.799 41616 
33.29 87.522 194656 
33.791 87.301 67023 
31.406 88.202 17581 
31.99 87.302 11670 
34.155 87.364 24484 
55.243 161.95 3141 
51.959 178.338 5561 
61.177 149.274 291826 
60.928 160.153 17013 
58.731 156.986 997 
63.682 150.026 1826 
59.824 158.602 4847 
64.69 146.599 97581 
59.099 135.578 2508 
58.076 135.185 2150 
58.372 134.178 31275 
60.366 152.321 55400 
55.449 131.106 13477 
57.553 153.63 13592 
58.205 156.705 1631 
62.182 149.407 88995 
64.783 164.188 9492 
69.449 153.472 9430 
67.005 160.021 7523 
56.639 133.527 3815 
55.415 132.875 5559 
57.142 135.332 8881 
59.575 135.335 968 
63.864 143.218 7029 
61.349 145.023 9636 
62.283 163.19 7459 
56.279 132.04 2369 
59.999 140.239 662 
65.376 151.576 5588 
35.385 109.493 71518 
31.881 109.754 131346 
35.829 111.773 134421 
33.789 110.811 53597 
32.931 109.878 37220 
33.238 109.242 8437 
33.727 114.038 20489 
33.346 112.495 3817117 
35.717 113.749 200186 
35.39 110.32 107449 
32.128 111.783 980263 
32.918 111.367 375770 
31.525 110.845 47420 
34.63 112.573 211033 
32.773 113.91 195751 
34.289 91.376 19019 
33.19 91.772 21853 
36.28 92.33 41513 
36.337 94.256 221339 
36.304 93.079 36903 
33.463 92.168 11508 
33.56 92.513 5368 
36.337 93.541 27446 
33.267 91.297 11800 
34.053 93.176 22995 
36.367 90.418 16083 
35.566 92.059 25970 
33.893 92.188 8689 
33.215 93.226 24552 
35.265 92.689 21273 
35.828 90.63 96443 
35.583 94.236 61948 
35.211 90.315 50902 
35.291 90.773 17870 
33.967 92.653 8116 
33.828 91.244 13008 
33.587 91.722 18509 
35.146 92.324 113237 
35.508 93.887 18125 
36.383 91.819 12245 
34.578 93.146 96024 
34.288 92.423 17853 
36.119 90.565 42090 
33.728 93.665 22609 
34.315 92.944 32923 
34.083 93.99 13789 
35.737 91.559 36647 
36.094 91.913 13696 
35.596 91.223 17997 
34.277 91.93 77435 
35.573 93.466 25540 
33.24 93.611 7645 
36.041 91.101 17415 
34.779 90.779 10424 
33.957 91.727 14134 
33.699 94.229 13171 
35.218 93.72 22353 
34.755 91.894 68356 
36.012 93.724 15717 
36.266 92.678 16653 
33.305 93.901 43462 
35.766 90.052 46480 
34.679 91.203 8149 
34.545 93.664 9487 
33.666 93.305 8997 
35.91 93.215 8330 
33.591 92.878 26120 
34.946 92.926 10445 
34.425 90.848 21757 
34.158 93.658 11291 
35.568 90.68 24583 
34.49 94.23 20662 
35.455 93.031 61754 
34.828 91.557 8715 
34.773 92.316 382748 
36.341 91.028 17969 
35.014 90.742 28258 
34.648 92.674 107118 
34.858 94.063 11233 
35.909 92.699 8195 
35.196 94.274 125744 
33.994 94.243 17058 
36.173 91.471 17264 
35.856 92.14 12394 
33.168 92.598 41639 
35.582 92.515 17295 
35.971 94.218 203065 
35.254 91.753 77076 
35.189 91.244 7260 
34.997 93.408 22185 
37.648 121.913 1510271 
38.617 119.798 1175 
38.443 120.653 38091 
39.665 121.601 220000 
38.187 120.555 45578 
39.177 122.237 21419 
37.919 121.951 1049025 
41.749 123.98 28610 
38.785 120.534 181058 
36.761 119.655 930450 
39.602 122.401 28122 
40.706 123.925 134623 
33.04 115.355 174528 
36.561 117.403 18546 
35.346 118.729 839631 
36.072 119.815 152982 
39.094 122.746 64665 
40.721 120.629 34895 
34.196 118.261 9818605 
37.21 119.749 150865 
38.051 122.745 252409 
37.57 119.912 18251 
39.432 123.442 87841 
37.194 120.722 255793 
41.592 120.718 9686 
37.915 118.875 14202 
36.24 121.315 415057 
38.507 122.325 136484 
39.295 120.773 98764 
33.675 117.777 3010232 
39.062 120.722 348432 
39.995 120.829 20007 
33.729 116.002 2189641 
38.45 121.34 1418788 
36.61 121.085 55269 
34.857 116.181 2035210 
33.023 116.776 3095313 
37.727 123.032 805235 
37.935 121.272 685306 
35.385 120.447 269637 
37.414 122.371 718451 
34.537 120.038 423895 
37.22 121.69 1781642 
37.012 122.007 262382 
40.76 122.043 177223 
39.576 120.521 3240 
41.587 122.533 44900 
38.267 121.939 413344 
38.532 122.945 483878 
37.562 121.002 514453 
39.035 121.702 94737 
40.126 122.232 63463 
40.647 123.114 13786 
36.23 118.78 442179 
38.021 119.964 55365 
34.358 119.133 823318 
38.679 121.903 200849 
39.27 121.344 72155 
39.874 104.331 441603 
37.568 105.788 15445 
39.644 104.331 572003 
37.202 107.05 12084 
37.303 102.535 3788 
37.931 103.077 6499 
40.094 105.398 294567 
39.953 105.052 55889 
38.738 106.316 17809 
38.835 102.604 1836 
39.689 105.67 9088 
37.213 106.176 8256 
37.277 105.428 3524 
38.321 103.787 5823 
38.101 105.373 4255 
38.861 107.864 30952 
39.761 104.88 600158 
37.747 108.53 2064 
39.326 104.926 285465 
39.63 106.692 52197 
39.31 104.117 23086 
38.827 104.527 622263 
38.455 105.421 46824 
39.599 107.909 56389 
39.861 105.528 5441 
40.123 106.095 14843 
38.669 107.078 15324 
37.811 107.383 843 
37.687 104.959 6711 
40.663 106.329 1394 
39.586 105.245 534543 
38.388 102.756 1398 
39.305 102.603 8270 
39.204 106.349 7310 
37.287 107.839 51334 
40.663 105.482 299630 
37.318 104.044 15507 
38.993 103.507 5467 
40.728 103.09 22709 
39.019 108.461 146723 
37.651 106.932 712 
40.573 108.204 13795 
37.338 108.595 25535 
38.413 108.263 41276 
40.262 103.807 28159 
37.884 103.721 18831 
38.15 107.767 4436 
39.118 105.717 16206 
40.594 102.345 4442 
39.217 106.915 17148 
37.958 102.392 12551 
38.17 104.489 159063 
39.972 108.2 6666 
37.485 106.453 11982 
40.483 106.985 23509 
38.033 106.246 6108 
37.781 107.67 699 
38.009 108.427 7359 
40.871 102.355 2379 
39.621 106.137 27994 
38.871 105.182 23350 
39.965 103.209 4814 
40.555 104.383 252825 
40 102.422 10043 
41.228 73.366 916829 
41.806 72.732 894014 
41.791 73.235 189927 
41.434 72.524 165676 
41.349 72.9 862477 
41.478 72.103 274055 
41.858 72.34 152691 
41.824 71.99 118428 
39.097 75.502 162310 
39.575 75.644 538479 
38.677 75.335 197145 
38.904 77.017 601723 
29.675 82.357 247336 
30.324 82.302 27115 
30.237 85.631 168852 
29.946 82.166 28520 
28.298 80.7 543376 
26.193 80.476 1748066 
30.388 85.197 14625 
26.868 81.94 159978 
28.843 82.524 141236 
29.987 81.858 190865 
26.118 81.4 321520 
30.221 82.623 67531 
27.19 81.806 34862 
29.58 83.195 16422 
30.335 81.648 864263 
30.611 87.339 297619 
29.474 81.286 95696 
29.81 84.799 11549 
30.579 84.612 46389 
29.723 82.795 16939 
26.954 81.19 12884 
29.907 85.256 15863 
30.491 82.951 14799 
27.492 81.821 27731 
26.539 81.151 39140 
28.567 82.464 172778 
27.342 81.34 98786 
27.906 82.349 1229226 
30.866 85.812 19927 
27.7 80.574 138028 
30.787 85.21 49746 
30.424 83.89 14761 
29.99 83.178 8870 
28.764 81.712 297052 
26.552 81.892 618754 
30.459 84.277 275487 
29.284 82.783 40801 
30.259 84.868 8365 
30.447 83.47 19224 
27.481 82.365 322833 
29.202 82.043 331298 
27.079 80.398 146318 
25.61 80.499 2496435 
25.601 81.206 73090 
30.605 81.764 73314 
30.665 86.594 180822 
27.385 80.887 39996 
28.514 81.323 1145956 
28.059 81.139 268685 
26.645 80.448 1320134 
28.302 82.455 464697 
27.903 82.739 916542 
27.953 81.692 602095 
29.606 81.74 74364 
29.89 81.383 190039 
27.38 80.443 277789 
30.703 87.014 151372 
27.184 82.365 379448 
28.69 81.131 422718 
28.714 82.074 93420 
30.189 82.992 41551 
30.016 83.616 22570 
30.054 82.366 15535 
29.057 81.161 494593 
30.14 84.375 30776 
30.631 86.176 55043 
30.602 85.662 24896 
31.739 82.29 18236 
31.3 82.883 8375 
31.563 82.387 11096 
31.319 84.454 3451 
33.059 83.255 45720 
34.351 83.498 18395 
33.992 83.712 69367 
34.24 84.838 100157 
31.74 83.147 17634 
31.274 83.231 19286 
32.808 83.694 155547 
32.435 83.331 13063 
31.197 81.982 18411 
30.833 83.588 16243 
32.017 81.438 30233 
32.393 81.743 70217 
33.063 82.003 23316 
33.29 83.958 23655 
31.521 84.626 6694 
30.916 81.636 50513 
32.403 82.071 10998 
33.582 85.08 110527 
34.899 85.137 63942 
30.779 82.139 12171 
31.974 81.091 265128 
32.347 84.788 11267 
34.474 85.345 26015 
34.244 84.475 214346 
33.952 83.367 116714 
31.619 84.992 3183 
33.552 84.412 259424 
30.917 82.702 6798 
33.939 84.574 688078 
31.549 82.844 42356 
31.189 83.769 45498 
33.55 82.251 124053 
31.152 83.429 17212 
33.352 84.762 127317 
32.709 83.979 12630 
31.914 83.753 23439 
34.852 85.506 16633 
34.442 84.173 22330 
30.877 84.577 27842 
33.77 84.226 691893 
32.16 83.156 21796 
32.151 83.807 14918 
31.535 84.214 94565 
33.699 84.765 132403 
31.324 84.906 11008 
30.708 82.836 4034 
32.361 81.343 52250 
34.115 82.842 20166 
32.591 82.299 22598 
32.151 81.887 11000 
34.863 84.319 23682 
33.412 84.493 106567 
34.263 85.213 96317 
34.225 84.127 175511 
34.375 83.227 22084 
33.79 84.468 920581 
34.69 84.453 28292 
33.227 82.606 3082 
31.212 81.496 79626 
34.509 84.873 55186 
30.875 84.244 25011 
33.576 83.167 15994 
33.959 84.022 805321 
34.635 83.526 43041 
34.317 83.818 179684 
33.269 83 9429 
33.795 85.22 28780 
32.731 84.912 32024 
34.348 82.963 25213 
33.29 85.139 11834 
33.452 84.154 203922 
32.458 83.662 139900 
31.604 83.277 9538 
34.134 83.565 60485 
33.314 83.687 13900 
31.811 82.636 15068 
33.051 82.419 16930 
32.794 81.971 8340 
32.689 82.661 9980 
33.02 83.562 28669 
33.074 84.146 18317 
31.038 83.063 10078 
32.393 82.926 48434 
31.818 84.146 28298 
31.807 81.457 63453 
33.792 82.448 7996 
31.749 81.742 14464 
30.833 83.268 109233 
34.568 83.998 29966 
33.482 82.473 21875 
31.482 81.37 14333 
32.366 84.052 14740 
34.128 83.203 28120 
32.359 84.529 8742 
33.03 84.663 21992 
31.162 84.73 6125 
31.228 84.192 23498 
33.017 83.922 26424 
32.172 82.533 9123 
33.593 83.492 17868 
34.797 84.737 39628 
32.51 84.874 189885 
33.544 83.855 99958 
33.834 83.437 32808 
33.866 83.074 14899 
33.92 84.866 142324 
32.571 83.831 27695 
34.456 84.49 29431 
31.353 82.21 18758 
33.09 84.386 17869 
33.995 85.186 41475 
32.238 83.481 12010 
33.321 83.371 21218 
31.861 85.009 2513 
34.883 83.404 16276 
31.762 84.752 7719 
33.361 82.074 200549 
33.652 84.026 85215 
32.263 84.322 5010 
32.744 81.617 14593 
30.933 84.867 8729 
33.262 84.286 64073 
34.552 83.29 26175 
32.073 84.834 6058 
32.042 84.204 32819 
32.704 84.53 6865 
33.559 82.875 1717 
32.043 82.059 25520 
32.554 84.251 8906 
31.913 82.931 16500 
31.777 84.439 9315 
30.864 83.919 44720 
31.457 83.525 40118 
32.126 82.332 27223 
34.902 83.732 10471 
32.409 82.57 6885 
33.034 85.028 67044 
31.718 83.628 8930 
32.665 83.425 9023 
34.833 83.989 21356 
32.881 84.292 27153 
34.735 85.305 68756 
33.782 83.734 83768 
31.05 82.421 36312 
33.419 82.688 5834 
32.971 82.798 21187 
31.547 81.912 30099 
32.046 84.553 2799 
32.109 82.738 7421 
34.643 83.743 27144 
34.801 84.968 102599 
31.962 83.438 9255 
33.779 82.747 10593 
32.804 83.175 9563 
31.551 83.849 21679 
19.597 155.502 185079 
21.461 158.201 953207 
21.218 156.974 90 
22.012 159.705 67091 
20.855 156.601 154834 
43.447 116.244 392365 
44.884 116.431 3976 
42.692 112.228 82839 
42.285 111.327 5986 
47.218 116.633 9285 
43.216 112.399 45607 
43.394 113.955 21376 
43.987 115.715 7028 
48.312 116.596 40877 
43.395 111.621 104234 
48.773 116.524 10972 
43.685 113.177 2891 
43.463 114.804 1117 
43.623 116.708 188923 
42.786 111.544 6963 
42.288 113.605 22952 
44.286 112.361 982 
46.672 115.653 8761 
44.273 114.252 4368 
43.394 115.47 27038 
42.173 111.822 12786 
44.218 111.484 13242 
44.061 116.398 16719 
42.973 114.821 15464 
45.849 115.467 16267 
43.796 112.318 26140 
42.691 114.263 22374 
47.677 116.694 138494 
46.818 116.73 37244 
44.928 113.887 7936 
46.236 116.423 3821 
42.986 114.153 5208 
43.789 111.656 37536 
42.856 113.64 20069 
46.333 116.76 39265 
42.183 112.52 4286 
42.593 116.142 11526 
44.002 116.748 22623 
42.694 112.844 7817 
47.347 115.885 12765 
43.76 111.211 10170 
42.352 114.665 77230 
44.771 115.637 9862 
44.448 116.797 10198 
39.986 91.194 67103 
37.183 89.349 8238 
38.885 89.436 17768 
42.318 88.824 54165 
39.962 90.75 6937 
41.401 89.528 34978 
39.164 90.666 5089 
42.059 89.926 15387 
39.969 90.245 13642 
40.139 88.197 201081 
39.545 89.279 34800 
39.332 87.791 16335 
38.747 88.483 13815 
38.606 89.423 37762 
39.513 88.22 53873 
41.894 87.645 5194675 
39.003 87.757 19817 
39.273 88.24 11048 
41.894 88.768 105160 
40.181 88.901 16561 
39.766 88.222 19980 
41.852 88.086 916924 
39.679 87.747 18576 
38.417 88.047 6721 
39.047 88.592 34242 
39.001 89.017 22140 
40.594 88.224 14081 
37.991 88.926 39561 
40.465 90.206 37069 
37.768 88.227 5589 
39.355 90.387 13886 
41.292 88.401 50063 
38.085 88.539 8457 
40.405 91.167 19104 
37.517 88.266 4320 
40.815 90.938 7331 
41.35 90.13 50486 
40.748 87.833 29718 
37.786 89.381 60218 
39.004 88.15 9698 
38.3 88.924 38827 
39.08 90.361 22985 
42.362 90.211 22678 
37.46 88.882 12582 
41.939 88.428 515269 
41.139 87.861 113449 
41.588 88.43 114736 
40.93 90.213 52919 
42.326 87.436 703462 
41.343 88.885 113924 
38.718 87.73 16833 
41.747 89.299 36031 
40.894 88.552 38950 
40.129 89.365 30305 
40.455 90.677 32612 
42.324 88.452 308760 
40.494 88.844 169572 
39.86 88.961 110768 
39.265 89.926 47765 
38.827 89.9 269282 
38.648 88.92 39437 
41.031 89.342 12640 
40.236 89.913 14666 
37.216 88.705 15429 
40.022 89.794 12705 
41.204 90.741 16434 
38.277 90.179 32957 
39.228 89.478 30104 
39.716 90.202 35547 
39.636 88.625 14846 
42.041 89.32 53497 
40.785 89.767 186494 
38.084 89.368 22350 
40.009 88.592 16729 
39.625 90.889 16430 
37.417 88.542 4470 
37.215 89.127 6161 
41.198 89.298 6006 
38.056 89.821 33476 
38.711 88.085 16233 
41.468 90.572 147546 
38.47 89.928 270056 
37.751 88.545 24913 
39.756 89.662 197465 
40.156 90.613 7544 
39.636 90.477 5355 
39.384 88.798 22363 
41.096 89.797 5994 
42.349 89.665 47711 
40.508 89.516 135394 
37.475 89.252 17808 
40.186 87.726 81625 
38.445 87.839 11947 
40.85 90.62 17707 
38.353 89.417 14716 
38.431 88.432 16760 
38.087 88.178 14665 
41.75 89.91 58498 
41.448 87.978 677560 
37.73 88.93 66357 
42.337 89.161 295266 
40.789 89.21 38664 
40.745 84.936 34387 
41.091 85.072 355329 
39.205 85.897 76794 
40.608 87.315 8854 
40.472 85.323 12766 
40.05 86.469 56640 
39.192 86.239 15242 
40.584 86.565 20155 
40.753 86.355 38966 
38.476 85.711 110232 
39.393 87.115 26890 
40.305 86.477 33224 
38.289 86.44 10713 
38.696 87.076 31648 
39.151 84.973 50047 
39.305 85.499 25740 
41.401 85 42223 
40.227 85.398 117671 
38.373 86.873 41889 
41.6 85.863 197559 
39.639 85.185 24277 
38.317 85.911 74578 
40.121 87.234 17240 
39.409 85.066 23087 
41.05 86.265 20836 
38.317 87.58 33503 
40.515 85.654 70061 
39.048 87.005 33165 
40.049 86.02 274569 
39.822 85.772 70002 
38.186 86.103 39364 
39.768 86.51 145448 
39.929 85.397 49462 
40.483 86.114 82752 
40.826 85.478 37124 
38.911 86.042 42376 
41.017 87.118 33478 
40.434 85.003 21253 
38.783 85.44 32428 
38.996 85.628 28525 
39.495 86.094 139654 
38.688 87.42 38440 
41.244 85.861 77358 
41.642 85.426 37128 
41.472 87.374 496005 
41.549 86.744 111467 
38.839 86.487 46134 
40.166 85.722 131636 
39.782 86.135 903393 
41.325 86.269 47051 
38.705 86.801 10334 
40.772 86.044 36903 
39.16 86.523 137974 
40.04 86.892 38124 
39.482 86.447 68894 
40.962 87.402 14244 
41.4 85.417 47536 
38.94 84.964 6128 
38.547 86.489 19840 
39.317 86.838 21575 
39.774 87.196 17339 
38.081 86.626 19338 
38.397 87.232 12845 
41.509 87.071 164343 
38.027 87.868 25910 
41.045 86.692 13402 
39.665 86.853 37963 
40.164 85.005 26171 
39.1 85.26 28818 
39.622 85.466 17392 
41.617 86.288 266931 
38.679 85.751 24181 
39.524 85.792 44436 
38.009 87.01 20952 
41.283 86.647 23363 
41.643 85.002 34185 
39.089 87.415 21475 
38.825 85.029 10613 
40.389 86.893 172780 
40.31 86.056 15936 
39.623 84.925 7516 
38.02 87.586 179703 
39.854 87.462 16212 
39.429 87.39 107848 
40.843 85.795 32888 
40.352 87.375 8508 
38.097 87.272 59689 
38.6 86.104 28262 
39.863 85.006 68917 
40.735 85.212 27636 
40.75 86.864 24643 
41.136 85.501 33292 
41.328 94.478 7682 
41.021 94.696 4029 
43.274 91.382 14330 
40.744 92.87 12887 
41.679 94.904 6119 
42.092 92.057 26076 
42.472 92.306 131090 
42.038 93.939 26306 
42.78 92.327 24276 
42.47 91.838 20958 
42.741 95.141 20260 
42.734 92.78 14867 
42.386 94.643 9670 
42.039 94.867 20816 
41.333 94.933 13956 
41.772 91.132 18499 
43.075 93.251 44151 
42.742 95.633 12072 
43.059 92.317 12439 
41.029 93.784 9286 
43.079 95.149 16667 
42.84 91.323 18129 
41.898 90.534 49116 
42.043 95.389 17096 
41.685 94.04 66135 
40.748 92.41 8753 
40.736 93.784 8457 
42.473 91.359 17764 
40.915 91.186 40325 
43.389 95.196 16667 
42.463 90.878 93653 
43.377 94.669 10302 
42.864 91.839 20880 
43.052 92.787 16303 
42.736 93.271 10680 
40.743 95.599 7441 
42.042 94.388 9336 
42.403 92.79 12453 
41.683 94.501 10954 
42.39 93.709 15673 
43.075 93.743 11341 
42.389 93.241 17534 
41.688 95.827 14928 
40.985 91.544 20145 
43.365 92.321 9566 
42.782 94.202 9815 
42.391 95.507 7089 
41.683 92.059 16355 
42.164 90.574 19848 
41.685 93.052 36842 
41.006 91.967 16843 
41.668 91.588 130882 
42.125 91.116 20638 
41.331 92.167 10511 
43.212 94.213 15543 
40.647 91.477 35862 
42.077 91.597 211226 
41.218 91.256 11387 
41.033 93.331 8898 
43.383 96.207 11581 
41.33 94.015 15679 
41.33 92.636 22381 
41.331 93.093 33309 
42.041 92.981 40648 
41.033 95.619 15059 
43.348 92.784 10776 
42.049 95.956 9243 
41.028 92.869 7970 
41.021 95.157 10740 
41.483 91.118 42745 
43.083 95.625 14398 
43.378 95.633 6462 
40.739 95.144 15932 
43.075 94.667 9421 
42.737 96.215 24986 
42.734 94.678 7310 
41.684 93.569 430640 
41.34 95.544 93158 
41.684 92.522 18914 
40.735 94.244 5131 
42.387 95.105 10350 
41.641 90.622 165224 
41.679 95.308 12167 
43.082 96.177 33704 
42.037 93.466 89542 
42.074 92.529 17767 
40.737 94.697 6317 
41.028 94.245 12534 
40.754 91.952 7570 
41.031 92.409 35625 
41.336 93.564 46225 
41.329 91.725 21704 
40.739 93.332 6403 
42.434 94.179 38013 
43.378 93.743 10866 
43.292 91.85 21056 
42.393 96.053 102172 
43.373 93.248 7598 
42.733 93.734 13229 
37.884 95.3 13371 
38.215 95.292 8102 
39.532 95.313 16924 
37.222 98.685 4861 
38.481 98.767 27674 
37.856 94.85 15173 
39.825 95.569 9984 
37.773 96.838 65880 
38.298 96.594 2790 
37.154 96.245 3669 
37.169 94.845 21603 
39.789 101.727 2726 
37.233 99.813 2215 
39.344 97.168 8535 
39.487 97.641 9533 
38.236 95.729 8601 
37.189 99.254 1891 
37.234 96.837 36311 
37.505 94.853 39134 
39.783 100.459 2961 
38.867 97.157 19754 
39.788 95.147 7945 
38.896 95.29 110826 
37.883 99.304 3037 
37.456 96.244 2882 
38.914 99.317 28452 
38.7 98.205 6497 
38.049 100.739 36776 
37.688 99.884 33848 
38.558 95.278 25992 
39.002 96.768 34362 
38.917 100.487 2695 
39.349 99.88 2597 
37.547 101.299 7829 
37.744 100.451 6006 
38.48 101.805 1247 
37.878 96.242 6689 
37.995 101.793 2690 
37.188 98.066 6034 
38.05 97.436 34684 
37.558 100.876 4256 
38.087 99.898 1916 
39.41 95.794 13462 
39.239 95.375 19126 
39.777 98.222 3077 
38.883 94.822 544179 
37.994 101.308 3977 
37.552 98.144 7858 
37.561 99.286 2553 
37.191 95.297 21607 
38.481 100.466 1750 
39.189 95.038 76227 
39.047 98.214 3241 
38.216 94.844 9656 
38.913 101.157 2756 
38.455 96.161 33690 
38.395 97.647 29180 
38.359 97.102 12660 
39.782 96.521 10117 
37.243 100.36 4575 
38.566 94.832 32787 
39.393 98.207 6373 
37.189 95.742 35471 
38.687 96.644 5923 
37.185 101.809 3233 
39.791 96.005 10178 
37.564 95.315 16512 
38.48 99.908 3107 
39.783 99.899 5671 
38.649 95.727 16295 
39.348 98.767 3858 
39.137 97.654 6091 
38.182 99.232 6973 
39.784 99.342 5642 
39.382 96.337 21604 
37.647 98.74 9656 
39.786 101.076 2519 
37.948 98.078 64511 
39.828 97.65 4980 
38.347 98.201 10083 
39.291 96.727 71115 
39.346 99.324 5181 
38.523 99.309 3307 
38.916 98.765 6970 
38.786 97.65 55606 
38.481 100.906 4936 
37.683 97.459 498365 
37.18 100.854 22952 
39.041 95.755 177934 
39.35 100.441 2556 
39.351 101.719 6010 
39.784 98.785 3853 
38.035 98.719 4437 
37.565 101.789 2235 
37.202 101.315 5724 
37.236 97.493 24132 
39.357 101.083 7900 
38.921 99.865 3001 
38.955 96.201 7053 
38.926 101.771 1485 
39.776 97.095 5799 
38.481 101.347 2234 
37.558 95.745 9409 
37.888 95.757 3309 
39.115 94.763 157505 
37.105 85.281 18656 
36.75 86.192 19956 
38.005 84.986 21421 
37.051 89.009 8249 
36.963 85.924 42173 
38.152 83.737 11591 
36.722 83.681 28691 
38.974 84.731 118811 
38.202 84.209 19985 
38.36 82.681 49542 
37.618 84.873 28432 
38.678 84.1 8488 
37.521 83.322 13878 
37.778 86.432 20059 
37.969 85.703 74319 
37.207 86.682 12690 
37.148 87.87 12984 
36.62 88.274 37191 
38.946 84.379 90336 
36.857 88.975 5104 
38.668 85.124 10811 
38.309 83.048 27720 
37.321 84.928 15955 
36.893 87.493 73955 
37.97 84.144 35613 
37.164 83.71 21730 
36.729 85.153 10272 
37.358 88.105 9315 
36.784 85.393 6856 
37.731 87.087 96656 
37.227 86.217 12161 
38.116 83.097 7852 
37.692 83.963 14672 
38.04 84.458 295803 
38.368 83.706 14348 
37.558 82.74 39451 
38.234 84.868 49285 
36.552 89.187 6813 
38.76 84.862 8589 
37.63 84.545 16912 
38.649 84.625 24662 
36.723 88.649 37121 
37.458 86.344 25746 
37.269 85.561 11258 
38.563 82.933 36910 
37.843 86.792 8565 
37.695 85.963 105543 
36.859 83.221 29278 
38.443 84.332 18846 
37.313 85.881 18199 
37.792 87.572 46250 
38.451 85.12 15416 
36.675 88.972 4902 
37.311 87.542 46920 
37.403 84.02 13494 
38.189 85.657 741096 
37.873 84.583 48586 
37.849 82.83 23356 
38.93 84.533 159720 
37.354 82.949 16346 
36.887 83.855 31883 
37.545 85.697 14193 
37.113 84.119 58849 
38.074 82.738 15860 
37.605 83.718 7887 
37.087 83.388 11310 
37.118 82.861 24519 
38.532 83.373 13870 
37.457 84.658 24742 
37.209 88.363 9519 
36.859 86.881 26835 
37.023 88.083 8314 
37.053 88.712 65565 
36.731 84.491 18306 
37.53 87.262 9531 
37.723 84.277 82916 
37.698 83.069 13333 
37.552 85.269 19820 
36.882 88.332 31448 
37.796 82.506 12929 
38.594 83.828 17490 
37.967 86.2 28602 
37.95 83.597 6306 
37.812 84.879 21331 
36.99 85.629 10099 
36.714 85.713 10963 
38.038 83.912 26499 
37.922 83.258 13923 
37.213 87.134 31499 
37.803 85.465 43437 
38.337 84.025 7135 
37.477 86.844 23842 
38.4 85.456 60316 
38.499 84.841 10841 
37.423 83.691 4755 
38.69 84.354 14877 
37.241 83.217 28712 
37.482 82.402 65024 
37.81 83.826 12613 
37.108 84.579 63063 
38.513 84.063 2282 
37.361 84.314 17056 
38.205 83.425 23333 
36.989 85.058 17565 
38.289 84.579 47173 
38.239 85.228 42074 
36.74 86.581 17327 
38.026 85.321 17061 
37.365 85.326 24512 
36.84 87.183 12460 
36.807 87.858 14339 
38.618 85.355 8809 
37.658 87.951 15007 
36.995 86.423 113792 
37.754 85.175 11717 
36.802 84.83 20813 
37.52 87.685 13621 
36.758 84.144 35637 
37.743 83.495 7355 
38.042 84.748 24939 
30.291 92.411 61773 
30.652 92.819 25764 
30.202 90.91 107215 
29.899 91.05 23421 
31.085 91.993 42073 
30.645 93.34 35654 
32.344 93.061 14353 
32.696 93.617 116979 
32.577 93.882 254969 
30.229 93.358 192768 
32.101 92.114 10132 
29.871 93.165 6839 
31.666 91.846 10407 
32.827 92.991 17195 
31.469 91.626 20822 
32.059 93.74 26656 
30.544 91.093 440171 
32.73 91.234 7759 
30.839 91.043 20267 
30.72 92.404 33984 
32.138 91.672 20767 
31.597 92.561 22309 
29.606 91.842 73240 
30.288 91.363 33387 
32.304 92.556 16274 
29.503 90.036 432552 
30.269 92.816 31594 
30.206 92.064 221578 
29.491 90.394 96318 
31.68 92.161 14890 
32.601 92.662 46735 
30.44 90.727 128026 
32.365 91.24 12093 
32.82 91.8 27979 
31.734 93.086 39566 
30.068 89.939 343829 
32.477 92.154 153720 
29.402 89.298 23042 
30.708 91.604 22802 
31.193 92.535 131613 
32.101 93.349 9091 
32.418 91.758 20725 
31.56 93.559 24233 
29.918 89.263 35897 
29.913 90.359 52780 
30.821 90.709 11203 
30.024 90.793 22102 
30.117 90.504 45924 
30.583 91.989 83384 
30.121 91.611 52160 
29.629 91.463 54650 
30.41 89.951 233740 
30.621 90.406 121097 
32.001 91.342 5252 
29.333 90.844 111860 
32.829 92.375 22721 
29.786 92.29 57999 
31.11 93.181 52334 
30.852 90.046 47168 
32.732 93.339 41207 
30.464 91.309 23788 
32.792 91.451 11604 
30.872 91.421 15625 
31.941 92.641 15313 
44.167 70.207 107702 
46.727 68.649 71870 
43.808 70.33 281674 
44.973 70.444 30768 
44.564 68.37 54418 
44.417 69.765 122151 
44.042 69.038 39736 
43.994 69.514 34457 
44.494 70.734 57833 
45.39 68.657 153923 
45.917 69.104 17535 
43.916 69.843 35293 
45.507 69.976 52228 
44.505 69.139 38786 
44.967 67.609 32856 
43.427 70.67 197131 
39.612 78.703 75087 
38.993 76.56 537656 
39.443 76.616 805029 
38.521 76.525 88737 
38.871 75.831 33066 
39.563 77.015 167134 
39.562 75.941 101108 
38.472 77.015 146551 
38.429 76.047 32618 
39.47 77.397 233385 
39.529 79.269 30097 
39.537 76.299 244826 
39.252 76.924 287085 
39.239 76.124 20197 
39.137 77.203 971777 
38.825 76.847 863420 
39.04 76.082 47798 
38.222 76.534 105151 
38.074 75.853 26470 
38.749 76.179 37782 
39.603 77.814 147430 
38.367 75.632 98733 
38.222 75.309 51454 
39.3 76.61 620961 
41.798 70.211 215888 
42.375 73.213 131219 
41.748 71.087 548285 
41.38 70.701 16535 
42.642 70.865 743159 
42.583 72.591 71372 
42.136 72.635 463490 
42.339 72.663 158080 
42.479 71.396 1503085 
41.305 70.141 10172 
42.169 71.179 670850 
41.987 70.741 494919 
42.331 71.02 722023 
42.311 71.94 798552 
44.682 82.834 10942 
47.08 86.564 9601 
42.595 86.634 111408 
44.894 83.426 29598 
45.005 85.175 23580 
44.036 83.74 15899 
46.696 88.356 8860 
42.582 85.314 59173 
43.699 83.978 107771 
44.648 86.494 17525 
41.792 86.741 156813 
41.918 85.066 45248 
42.242 85.012 136146 
41.916 85.999 52293 
45.513 85.45 25949 
45.476 84.495 26152 
46.321 84.52 38520 
43.991 84.838 30926 
42.95 84.591 75382 
44.68 84.611 14074 
45.805 86.901 37069 
46.012 87.866 26168 
42.589 84.846 107759 
45.59 84.986 32694 
43.021 83.706 425790 
43.989 84.389 25692 
46.488 89.788 16427 
44.718 85.553 86986 
43.292 84.604 42476 
41.864 84.642 46688 
46.998 88.652 36628 
43.907 82.857 33118 
42.603 84.373 280895 
42.944 85.073 63905 
44.329 82.849 25887 
46.17 88.54 11817 
43.645 84.839 70311 
42.248 84.42 160248 
42.246 85.532 250331 
44.678 85.088 17153 
43.032 85.547 602622 
47.681 88.148 2156 
43.995 85.811 11539 
43.088 83.224 88319 
45.146 86.051 21708 
41.895 84.066 99892 
42.602 83.911 180967 
46.94 85.582 6631 
46.167 85.303 11113 
42.671 82.91 840978 
44.35 86.602 24733 
46.656 87.584 67077 
43.996 86.75 28705 
43.635 85.332 42798 
45.544 87.509 24029 
43.648 84.379 83629 
44.325 85.085 14849 
41.916 83.487 152021 
43.312 85.149 63342 
45.024 84.13 9765 
43.289 86.751 172188 
43.562 85.791 48460 
42.66 83.384 1202362 
43.647 86.807 26570 
44.333 84.128 21699 
47.216 89.5 6780 
43.997 85.322 23528 
44.685 84.124 8640 
45.021 84.576 24164 
42.942 86.655 263801 
45.489 83.384 13376 
44.339 84.611 24449 
43.328 84.055 200169 
42.928 82.668 163040 
41.911 85.522 61295 
43.449 82.642 43114 
46.02 86.199 8485 
42.951 84.146 70648 
43.487 83.436 55729 
42.283 86.305 76258 
42.252 83.844 344791 
42.284 83.261 1820584 
44.331 85.57 32735 
46.602 93.419 16202 
45.274 93.242 330844 
46.937 95.741 32504 
47.878 94.986 44442 
45.701 94.001 38451 
45.419 96.402 5269 
44.038 94.064 64013 
44.246 94.733 25893 
46.603 92.671 35386 
44.821 93.8 91042 
46.951 94.333 28567 
45.028 95.564 12441 
45.505 92.903 53887 
46.898 96.494 58999 
47.575 95.371 8695 
47.538 90.29 5176 
44.01 95.183 11687 
46.491 94.071 62500 
44.67 93.062 398552 
44.02 92.869 20087 
45.936 95.46 36009 
43.676 93.947 14553 
43.677 92.093 20866 
43.674 93.35 31255 
44.406 92.716 46183 
45.93 96.01 6018 
45.006 93.475 1152425 
43.666 91.501 19027 
47.095 94.913 20428 
45.562 93.296 37816 
47.49 93.613 45058 
43.673 95.149 10266 
45.947 93.297 16239 
45.152 95.004 42239 
48.776 96.78 4552 
48.245 93.782 13311 
44.999 96.176 7259 
47.517 91.411 10866 
48.768 94.904 4045 
44.373 93.73 27703 
44.408 96.272 5896 
44.409 95.847 25857 
44.821 94.272 36651 
47.325 95.81 5413 
48.362 96.357 9439 
43.677 94.537 20840 
45.123 94.527 23300 
45.929 93.632 26097 
46.02 94.266 33198 
43.666 92.759 39163 
44.015 95.761 8725 
44.358 94.245 32727 
43.677 95.763 21378 
47.329 96.463 6852 
44.003 92.406 144248 
46.405 95.714 57303 
48.069 96.037 13930 
46.1 92.763 29750 
44.015 96.257 9596 
47.774 96.4 31600 
45.589 95.446 10995 
45.015 93.1 508640 
47.865 96.087 4089 
44.403 95.254 16059 
44.723 94.955 15730 
44.35 93.298 64142 
43.669 96.263 9687 
48.761 95.821 15629 
47.583 92.463 200226 
44.651 93.534 129928 
45.443 93.775 88499 
44.575 94.23 15226 
45.555 94.61 150642 
44.015 93.22 36576 
45.593 95.992 9726 
45.275 95.69 9783 
46.066 94.9 24895 
45.769 96.475 3558 
44.289 92.233 21676 
46.586 94.988 13843 
44.018 93.589 19136 
45.037 92.89 238136 
43.978 94.614 11211 
46.362 96.476 6576 
43.982 91.776 51461 
45.175 93.966 124700 
44.715 95.862 10438 
31.486 91.351 32297 
34.886 88.581 37057 
31.203 90.795 13131 
33.09 89.588 19564 
34.81 89.2 8729 
33.799 90.884 34145 
33.936 89.337 14962 
33.44 89.918 10597 
33.921 88.945 17392 
33.345 89.251 8547 
31.972 90.915 9604 
32.048 88.685 16732 
33.661 88.783 20634 
34.228 90.603 26151 
31.866 90.448 29449 
31.633 89.548 19568 
34.874 89.993 161252 
31.188 89.259 74934 
31.477 90.895 8118 
30.855 88.642 22578 
31.212 88.634 14400 
33.77 89.802 21906 
30.391 89.479 43929 
30.416 89.083 187105 
32.267 90.465 245285 
33.125 90.091 19198 
33.132 90.523 9375 
32.754 90.988 1406 
34.281 88.363 23401 
30.458 88.619 139668 
32.016 89.119 17062 
31.733 91.043 7726 
31.564 89.826 12487 
31.621 89.167 67761 
32.75 88.625 10456 
34.349 89.485 47351 
31.197 89.514 55658 
32.403 88.66 80261 
31.55 90.107 12929 
32.753 89.522 23805 
34.288 88.68 82910 
33.549 90.294 32317 
31.535 90.453 34869 
33.471 88.439 59779 
32.634 90.034 95203 
31.23 89.821 27088 
34.766 89.504 37144 
33.89 88.485 36989 
33.5 89.639 10925 
32.752 89.119 29676 
32.401 89.118 21720 
33.106 88.565 11545 
33.422 88.876 47671 
34.365 89.963 34707 
30.773 89.586 55834 
31.169 88.988 12250 
31.177 90.397 40404 
34.227 89.037 29957 
34.62 88.522 25276 
34.252 90.29 8223 
32.262 89.946 141617 
32.427 89.533 28264 
32.892 90.827 4916 
31.902 89.917 27503 
32.019 89.494 16491 
30.79 89.112 17786 
33.605 90.595 29450 
33.955 90.172 15378 
34.649 89.943 28886 
34.763 88.918 22232 
34.737 88.236 19593 
34.652 90.371 10778 
34.489 89.002 27134 
31.164 90.103 15443 
32.357 90.851 48773 
33.273 90.944 51137 
31.644 88.682 20747 
33.612 89.283 10253 
31.16 91.325 9878 
33.078 89.037 19198 
34.03 89.703 12678 
32.765 90.387 28065 
40.19 92.603 25607 
39.988 94.803 17291 
40.431 95.437 5685 
39.214 91.843 25529 
36.699 93.834 35597 
37.5 94.344 12402 
38.257 94.339 17049 
38.301 93.287 19056 
37.318 90.024 12363 
38.989 92.31 162642 
39.66 94.808 89201 
36.715 90.403 42794 
39.658 93.979 9424 
38.835 91.924 44332 
38.031 92.765 44002 
37.383 89.684 75674 
39.427 93.5 9295 
36.944 90.945 6265 
38.647 94.354 99478 
37.733 93.85 13982 
39.517 92.961 7831 
36.969 93.187 77422 
40.407 91.729 7139 
39.315 94.421 221939 
39.608 94.395 20743 
38.506 92.271 75990 
38.845 92.812 17601 
37.966 91.313 24696 
37.432 93.854 7883 
37.683 93.033 16777 
39.962 93.97 8433 
39.894 94.407 12892 
37.603 91.495 15657 
36.946 92.515 13684 
36.153 90.062 31953 
38.408 91.073 101492 
38.441 91.505 15222 
40.209 94.404 6738 
37.258 93.34 275174 
40.112 93.565 10261 
40.345 93.992 8957 
38.386 93.792 22272 
37.936 93.322 9627 
40.095 95.219 4912 
39.143 92.695 10144 
36.774 91.887 40400 
37.625 90.699 10630 
39.007 94.342 674158 
37.2 94.338 117404 
38.257 90.543 218733 
38.745 93.805 52595 
40.136 92.146 4131 
37.659 92.594 35571 
39.068 93.802 33381 
37.106 93.833 38634 
40.084 91.728 10211 
39.058 90.957 52566 
39.864 93.108 12761 
39.778 93.548 15195 
36.63 94.343 23083 
39.829 92.564 15566 
37.473 90.345 12226 
38.162 91.923 9176 
39.807 91.635 28781 
40.421 93.567 3785 
38.216 92.429 24748 
36.826 89.295 14358 
38.633 92.583 15607 
39.498 92.006 8840 
38.935 91.465 12236 
38.42 92.874 20565 
36.594 89.655 18956 
36.908 94.334 58114 
40.36 94.883 23370 
36.684 91.402 10881 
38.464 91.859 13878 
36.649 92.458 9723 
36.209 89.785 18296 
37.711 89.802 18971 
38.727 93.285 42201 
37.866 91.79 45156 
39.344 91.171 18516 
39.378 94.761 89322 
37.616 93.4 31137 
37.824 92.207 52274 
40.478 93.014 4979 
39.553 91.524 10167 
39.441 92.492 25414 
39.308 93.995 23494 
37.36 90.969 6696 
36.648 90.867 14100 
38.781 90.674 360485 
38.039 93.773 9805 
37.89 90.181 18145 
37.81 90.473 65359 
38.64 90.445 998954 
39.135 93.204 23370 
40.469 92.519 4431 
40.447 92.142 4843 
37.047 89.568 39191 
37.151 91.398 8441 
39.797 92.088 6373 
36.855 89.941 29968 
36.747 93.467 32202 
40.209 93.109 6714 
36.649 93.042 51675 
37.314 91.964 26008 
37.85 94.341 21159 
38.761 91.159 32513 
37.942 90.897 25195 
37.113 90.46 13521 
37.28 92.876 36202 
40.48 94.419 2171 
37.267 92.48 18815 
38.635 90.244 319294 
45.133 112.892 9246 
45.407 107.518 12865 
48.428 108.967 6491 
46.334 111.496 5612 
45.224 109.028 10078 
45.516 104.515 1160 
47.316 111.35 81327 
47.886 110.436 5813 
46.261 105.55 11699 
48.794 105.541 1751 
47.272 104.901 8966 
46.099 113.139 9298 
46.318 104.405 2890 
47.222 109.223 11586 
48.314 114.054 90928 
45.535 111.173 89513 
47.281 106.982 1206 
48.705 112.99 13399 
46.38 109.174 884 
46.395 113.425 3079 
48.628 110.106 16096 
46.126 112.056 11406 
47.032 110.305 2072 
47.642 114.083 28746 
47.122 112.382 63395 
48.559 111.036 2339 
48.542 115.404 19687 
47.629 105.757 1734 
45.319 111.917 7691 
46.585 110.921 1891 
47.155 115.064 4223 
47.027 113.892 109299 
46.505 108.436 4538 
45.421 110.532 15636 
47.141 108.226 494 
48.25 107.928 4253 
48.23 112.219 6153 
45.408 105.555 1743 
46.844 112.931 7027 
46.852 105.375 1179 
46.079 114.119 40212 
47.785 104.563 9746 
48.282 104.995 10425 
46.161 106.701 9233 
47.756 115.18 11413 
48.705 104.533 3384 
45.895 112.66 34200 
45.663 109.391 9117 
45.813 109.941 3651 
47.819 112.281 6073 
48.645 111.733 5324 
46.209 107.28 718 
48.365 106.687 7369 
46.497 109.857 2168 
46.962 104.274 1017 
45.936 108.276 147972 
40.52 98.5 31364 
42.183 98.058 6685 
41.57 101.697 460 
41.539 103.726 690 
41.925 99.99 478 
41.705 98.066 5505 
42.215 103.087 11308 
42.894 98.773 2099 
42.349 99.923 3145 
40.855 99.074 46102 
41.854 96.337 6858 
41.226 97.132 8395 
40.909 96.14 25241 
42.604 97.256 8852 
40.53 101.694 3966 
42.566 101.072 5713 
41.214 103.011 9998 
40.523 98.051 6542 
41.574 97.089 10515 
41.915 96.788 9139 
41.393 99.726 10939 
42.39 96.562 21006 
42.711 103.134 9182 
40.867 99.815 24326 
41.112 102.332 1941 
42.485 96.855 6000 
41.577 96.645 36691 
41.297 96.154 517110 
40.18 101.681 2008 
40.525 97.596 5890 
40.183 98.962 3225 
40.53 100.406 2756 
40.191 99.909 4959 
40.255 96.683 22311 
41.659 102.328 2057 
41.905 98.922 2049 
40.509 99.824 2044 
41.915 101.756 614 
41.567 98.53 2538 
40.866 98.498 58607 
40.877 98.021 9124 
40.178 99.403 3423 
40.535 101.055 967 
40.176 101.044 2908 
42.459 98.784 10435 
41.918 101.116 736 
41.219 98.513 6274 
40.175 97.143 7547 
40.395 96.268 5217 
40.506 98.948 6489 
41.194 101.644 8368 
42.875 99.718 824 
41.199 103.711 3821 
42.634 97.891 8701 
40.783 96.688 285407 
41.05 100.744 36288 
41.542 100.443 763 
41.897 99.509 632 
41.596 101.06 539 
41.909 97.606 34876 
41.169 98.031 7845 
41.732 102.99 5042 
41.402 97.991 3735 
40.387 95.85 7248 
40.176 98.046 4500 
40.637 96.131 15740 
40.137 96.245 2773 
40.856 101.636 2970 
40.516 99.406 9188 
42.271 97.61 7266 
41.576 97.513 32237 
41.187 97.57 5406 
40.169 100.468 11055 
40.123 95.718 8363 
42.413 99.458 1526 
40.516 97.131 14200 
41.115 96.109 158840 
41.223 96.64 20780 
41.851 103.705 36970 
40.871 97.14 16750 
42.507 102.389 5469 
41.218 98.972 3152 
42.483 103.742 1311 
41.904 97.174 6129 
40.173 97.596 5228 
41.848 100.506 647 
42.154 96.533 6940 
41.564 98.983 4260 
41.533 96.224 20234 
42.21 97.126 9595 
40.18 98.498 3812 
41.937 98.522 818 
40.873 97.596 13665 
39.525 118.27 24877 
36.214 115.013 1951269 
38.905 119.609 46997 
41.141 115.351 48818 
37.778 117.632 783 
39.977 116.272 1987 
41.407 118.127 16528 
39.9 117.047 5775 
37.634 114.863 5345 
39.022 119.197 51980 
38.516 118.416 4772 
37.966 116.459 43946 
40.439 118.409 6753 
39.438 119.524 4010 
40.703 119.71 421407 
39.417 114.9 10030 
39.153 119.743 55274 
43.519 71.425 60088 
43.867 71.201 47818 
42.925 72.248 77117 
44.652 71.289 33055 
43.926 71.842 89118 
42.911 71.723 400721 
43.299 71.68 146445 
42.989 71.099 295223 
43.293 71.035 123143 
43.361 72.222 43742 
39.469 74.633 274549 
40.959 74.074 905116 
39.875 74.663 448734 
39.802 74.961 513657 
39.086 74.847 97265 
39.328 75.121 156898 
40.787 74.246 783969 
39.721 75.143 288288 
40.731 74.078 634266 
40.565 74.911 128349 
40.282 74.703 366513 
40.439 74.407 809858 
40.287 74.152 630380 
40.858 74.547 492276 
39.865 74.263 576567 
41.033 74.3 501226 
39.573 75.357 66083 
40.565 74.619 323444 
41.137 74.691 149265 
40.659 74.308 536499 
40.853 75.009 108692 
35.054 106.669 662564 
33.901 108.392 3725 
33.361 104.469 65645 
34.932 108 27213 
36.612 104.64 13750 
34.572 103.346 48376 
34.351 104.401 2022 
32.35 106.832 209233 
32.457 104.306 53829 
32.732 108.381 29514 
34.869 104.784 4687 
35.863 103.829 695 
31.899 108.745 4894 
32.795 103.413 64727 
33.74 105.449 20497 
35.87 106.307 17950 
32.184 107.746 25095 
35.573 108.255 71492 
35.982 104.921 4881 
32.588 105.781 63797 
35.107 103.548 9041 
36.509 106.693 40246 
34.021 103.482 19846 
35.685 106.882 131561 
36.511 108.324 130044 
35.476 104.803 29393 
35.513 105.966 144170 
33.119 107.188 11988 
33.991 106.939 17866 
36.576 105.637 32937 
34.634 105.846 16383 
36.488 103.475 4549 
34.716 106.806 76569 
42.588 73.974 304204 
42.247 78.026 48946 
40.848 73.852 1385108 
42.161 75.83 200600 
42.244 78.681 80317 
43.008 76.574 80026 
42.304 79.407 134905 
42.155 76.747 88830 
42.489 75.604 50477 
44.752 73.705 82128 
42.247 73.626 63096 
42.593 76.076 49336 
42.193 74.966 47980 
41.755 73.739 297488 
42.752 78.778 919040 
44.108 73.777 39370 
44.594 74.31 51599 
43.115 74.423 55531 
43 78.192 60079 
42.286 74.149 49221 
43.657 74.502 4836 
43.461 74.894 64519 
43.995 76.053 116229 
40.635 73.95 2504700 
43.786 75.442 27087 
42.727 77.769 65393 
42.91 75.663 73442 
43.464 77.664 744344 
42.9 74.435 50219 
40.729 73.589 1339532 
40.776 73.97 1585873 
43.456 78.792 216469 
43.242 75.434 234878 
43.006 76.196 467026 
42.856 77.303 107931 
41.402 74.306 372813 
43.502 78.229 42883 
43.461 76.209 122109 
42.629 75.028 62259 
41.427 73.743 99710 
40.658 73.837 2230722 
42.71 73.513 159429 
40.563 74.137 468730 
41.154 74.024 311687 
44.488 75.074 111944 
43.106 73.855 219607 
42.817 74.043 154727 
42.591 74.438 32749 
42.419 76.938 18343 
42.782 76.827 35251 
42.266 77.385 98990 
40.943 72.692 1493350 
41.72 74.764 77547 
42.178 76.297 51125 
42.453 76.473 101564 
41.947 74.265 182493 
43.555 73.838 65707 
43.312 73.439 63216 
43.458 77.063 93772 
41.152 73.745 949113 
42.701 78.228 42155 
42.638 77.104 25348 
36.041 79.399 151131 
35.92 81.177 37198 
36.489 81.132 11155 
34.974 80.109 26948 
36.436 81.498 27281 
36.072 81.92 17797 
35.482 76.842 47759 
36.061 76.962 21282 
34.591 78.539 35190 
34.038 78.227 107431 
35.609 82.53 238318 
35.746 81.706 90912 
35.387 80.552 178011 
35.957 81.53 83029 
36.342 76.162 9980 
34.858 76.526 66469 
36.393 79.332 23719 
35.663 81.214 154358 
35.704 79.251 63505 
35.136 84.061 27444 
36.127 76.602 14793 
35.052 83.752 10587 
35.334 81.557 98078 
34.26 78.636 58098 
35.118 77.082 103505 
35.05 78.828 319431 
36.372 75.941 23547 
35.606 75.767 33920 
35.795 80.206 162878 
35.929 80.542 41240 
34.934 77.933 58505 
36.036 78.877 267587 
35.917 77.602 56552 
36.131 80.257 350670 
36.088 78.283 60619 
35.293 81.177 206086 
36.442 76.702 12197 
35.348 83.83 8861 
36.299 78.657 59916 
35.481 77.681 21362 
36.079 79.788 488406 
36.251 77.644 54691 
35.368 78.871 114678 
35.557 82.972 59036 
35.336 82.479 106740 
36.363 76.981 24669 
35.017 79.241 46952 
35.408 76.153 5810 
35.806 80.874 159437 
35.286 83.13 40271 
35.513 78.367 168878 
35.032 77.356 10153 
35.476 79.172 57866 
35.238 77.639 59495 
35.487 81.225 78265 
35.682 82.048 44996 
35.152 83.421 33922 
35.864 82.712 20764 
35.841 77.112 24505 
35.246 80.833 919628 
36.013 82.163 15579 
35.338 79.904 27798 
35.31 79.48 88247 
35.965 77.987 95840 
34.177 77.871 202667 
36.421 77.398 22099 
34.763 77.503 177772 
36.062 79.119 133801 
35.147 76.665 13144 
36.265 76.26 40661 
34.512 77.888 52217 
36.178 76.404 13453 
36.386 78.965 39464 
35.591 77.372 168148 
35.278 82.167 20510 
35.709 79.806 141752 
35.001 79.747 46639 
34.639 79.1 134168 
36.38 79.782 93643 
35.639 80.525 138428 
35.402 81.919 67810 
34.99 78.371 63431 
34.84 79.477 36157 
35.31 80.254 60585 
36.404 80.239 47401 
36.415 80.686 73673 
35.568 83.465 13981 
35.21 82.816 33090 
35.87 76.165 4407 
34.991 80.53 201292 
36.365 78.405 45422 
35.789 78.65 900993 
36.397 78.099 20972 
35.844 76.572 13228 
36.235 81.709 51079 
35.362 78.004 122623 
36.209 81.165 69340 
35.704 77.918 81234 
36.158 80.665 38406 
35.889 82.303 17818 
46.096 102.533 2343 
46.942 98.07 11066 
48.071 99.361 6660 
47.009 103.364 783 
48.794 100.831 6429 
46.107 103.506 3151 
48.786 102.52 1968 
46.971 100.462 81308 
46.927 97.252 149778 
48.768 98.463 3993 
46.107 98.496 5289 
48.818 103.497 2071 
47.354 102.612 3536 
47.723 98.9 2385 
46.284 100.237 3550 
47.464 98.872 3343 
46.938 103.844 1680 
47.926 97.45 66861 
46.357 101.639 2394 
47.463 98.232 2420 
46.434 102.458 2477 
46.935 99.742 2435 
46.464 98.526 4139 
46.469 99.504 1990 
48.233 100.633 5395 
46.117 99.443 2809 
47.742 103.403 6360 
47.653 101.421 8962 
47.303 101.82 8424 
46.713 101.279 27471 
48.21 102.364 7673 
47.918 98.204 3126 
47.118 101.331 1846 
48.766 97.545 7413 
48.238 99.966 4357 
48.265 98.737 11451 
46.449 97.647 5457 
48.712 101.658 2470 
46.265 96.937 16321 
48.768 99.84 13937 
46.108 97.63 3829 
47.581 100.341 1321 
46.109 101.047 4153 
46.445 103.462 727 
46.817 102.662 24199 
47.458 97.718 1975 
46.971 98.957 21100 
48.682 99.248 2246 
47.446 97.164 8121 
48.376 97.722 11119 
48.216 101.54 61675 
47.58 99.671 4207 
48.345 103.487 22398 
38.841 83.474 28550 
40.771 84.106 106331 
40.843 82.27 53139 
41.906 80.745 101497 
39.333 82.046 64757 
40.561 84.224 45949 
40.017 80.967 70400 
38.931 83.866 44846 
39.439 84.565 368130 
40.579 81.09 28836 
40.132 83.767 40097 
39.917 83.783 138333 
39.052 84.149 197363 
39.414 83.814 42040 
40.768 80.777 107841 
40.296 81.93 36901 
40.848 82.924 43784 
41.76 81.724 1280122 
40.132 84.62 52959 
41.321 84.486 39037 
40.278 83.007 174214 
41.554 82.525 77079 
39.752 82.628 146156 
39.553 83.459 29030 
39.969 83.008 1163414 
41.597 84.124 42698 
38.817 82.301 30934 
41.499 81.173 93389 
39.687 83.894 161573 
40.056 81.497 40087 
39.196 84.544 802374 
41 83.666 74782 
40.66 83.664 32058 
40.292 81.091 15864 
41.335 84.065 28215 
39.184 83.603 43589 
39.49 82.483 29380 
40.565 81.929 42366 
41.145 82.594 59626 
39.013 82.614 33225 
40.399 80.761 69709 
40.403 82.422 60921 
41.924 81.392 230041 
38.603 82.517 62450 
40.093 82.481 166492 
40.387 83.766 45858 
41.438 82.179 301356 
41.682 83.468 441815 
39.896 83.4 43435 
41.01 80.77 238823 
40.588 83.172 66501 
41.116 81.899 172332 
39.089 82.028 23770 
40.535 84.632 40814 
40.053 84.228 102506 
39.725 81.09 14642 
39.755 84.29 535153 
39.624 81.861 15054 
40.525 82.797 34827 
39.966 81.943 86074 
39.767 81.452 14645 
41.544 83.009 41428 
41.119 84.576 19614 
39.743 82.237 36058 
39.648 83.052 55698 
39.071 83.052 28709 
41.168 81.196 161419 
39.737 84.645 42270 
41.024 84.129 34499 
40.774 82.542 124475 
39.323 83.059 78064 
41.355 83.142 60944 
38.815 82.999 79499 
41.12 83.127 56745 
40.336 84.204 49423 
40.814 81.365 375586 
41.121 81.534 541781 
41.308 80.767 210312 
40.447 81.471 92582 
40.295 83.367 52300 
40.855 84.585 28744 
39.252 82.485 13435 
39.425 84.169 212693 
39.45 81.49 61778 
40.829 81.887 114520 
41.564 84.584 37642 
41.36 83.622 125488 
40.84 83.313 22615 
35.897 94.651 22683 
36.729 98.323 5642 
34.374 96.034 14182 
36.748 100.483 5636 
35.273 99.671 22119 
35.877 98.428 11943 
33.964 96.264 42416 
35.167 98.381 29600 
35.543 97.979 115541 
34.251 97.287 47557 
35.904 94.996 46987 
34.027 95.554 15205 
36.755 102.508 2475 
35.203 97.328 255755 
34.582 96.288 5925 
34.662 98.476 124098 
34.29 98.373 6193 
36.763 95.201 15029 
35.907 96.379 69967 
35.645 98.997 27469 
36.393 94.808 41487 
35.978 99.014 4810 
36.224 99.75 4151 
36.378 97.787 60580 
34.709 97.312 27576 
35.021 97.886 52431 
36.788 97.788 4527 
34.935 99.552 6239 
34.745 99.844 2922 
36.8 99.662 3685 
35.232 95.109 12769 
35.052 96.251 14003 
34.593 99.412 26446 
34.105 97.838 6472 
34.313 96.654 10957 
36.814 97.143 46562 
35.949 97.934 15034 
34.921 98.981 9446 
34.875 95.272 11154 
34.899 94.703 50384 
35.703 96.881 34273 
35.914 97.45 41848 
33.957 97.245 9423 
35.016 97.449 34506 
34.117 94.766 33151 
35.369 95.671 20252 
36.313 98.542 7527 
34.027 96.77 15840 
36.303 95.235 41259 
34.485 97.071 13488 
35.617 95.383 70990 
36.384 97.236 11561 
36.789 95.613 10536 
35.466 96.327 12191 
35.554 97.409 718633 
35.646 95.964 40069 
36.624 96.408 47472 
36.835 94.802 31848 
36.313 96.696 16577 
36.079 96.975 77350 
34.925 95.748 45837 
34.721 96.692 37492 
35.211 96.957 69442 
34.377 95.408 11572 
35.708 99.741 3647 
36.378 95.601 86905 
35.158 96.602 25482 
35.502 94.75 42391 
34.481 97.855 45048 
36.741 101.488 20640 
34.371 98.931 7992 
36.12 95.941 603403 
35.963 95.514 73085 
36.704 95.906 50976 
35.29 98.991 11629 
36.765 98.868 8878 
36.425 99.273 20081 
44.703 117.691 16134 
44.49 123.426 85579 
45.16 122.195 375992 
46.024 123.705 37039 
45.941 123.081 49351 
43.184 124.092 63043 
44.163 120.371 20978 
42.466 124.211 22364 
43.915 121.225 157733 
43.285 123.154 107667 
45.381 120.211 1871 
44.496 119.014 7445 
43.064 118.985 7422 
45.511 121.655 22346 
42.411 122.675 203206 
44.643 121.183 21720 
42.385 123.597 82713 
42.683 121.646 66380 
42.788 120.389 7895 
43.928 122.897 351715 
44.641 123.911 46034 
44.494 122.543 116672 
43.187 117.603 31313 
44.9 122.576 315335 
45.425 119.602 11173 
45.547 122.417 735334 
44.904 123.397 75403 
45.399 120.678 1765 
45.455 123.759 25250 
45.591 118.733 75889 
45.304 117.999 25748 
45.593 117.185 7008 
45.164 121.165 25213 
45.553 123.097 529710 
44.736 120.026 1441 
45.248 123.316 99193 
39.869 77.217 101407 
40.468 79.98 1223348 
40.812 79.464 68941 
40.684 80.35 170539 
39.997 78.489 49762 
40.413 75.926 411442 
40.497 78.31 127089 
41.791 76.502 62622 
40.336 75.107 625249 
40.913 79.918 183862 
40.494 78.715 143679 
41.438 78.198 5085 
40.917 75.709 65249 
40.909 77.847 153990 
39.973 75.749 498886 
41.198 79.42 39988 
41 78.473 81642 
41.245 77.649 39238 
41.045 76.404 67295 
41.686 80.107 88765 
40.164 77.263 235406 
40.412 76.792 268100 
39.916 75.398 558979 
41.427 78.653 31946 
42.117 80.096 280566 
39.914 79.644 136606 
41.513 79.249 7716 
39.926 77.724 149618 
39.91 78.122 14845 
39.848 80.225 38686 
40.422 77.968 45913 
40.651 79.087 88880 
41.13 78.999 45200 
40.53 77.4 24636 
41.44 75.609 214437 
40.041 76.25 519445 
40.992 80.334 91108 
40.367 76.458 133568 
40.614 75.59 349497 
41.172 75.976 320918 
41.343 77.055 116111 
41.814 78.572 43450 
41.3 80.252 116638 
40.611 77.62 46682 
41.056 75.329 169842 
40.209 75.37 799874 
41.029 76.665 18267 
40.752 75.307 297735 
40.851 76.709 94528 
40.397 77.266 45969 
40.009 75.133 1526006 
41.325 75.031 57369 
41.748 77.894 17457 
40.703 76.217 148289 
40.755 77.072 39702 
39.981 79.028 77742 
41.439 76.511 6428 
41.819 75.8 43356 
41.766 77.257 41981 
40.962 77.055 44947 
41.401 79.754 54984 
41.843 79.313 41815 
40.2 80.252 207820 
41.646 75.292 52822 
40.311 79.466 365169 
41.525 76.008 28276 
39.921 76.728 434972 
41.705 71.285 49875 
41.677 71.576 166158 
41.502 71.284 82888 
41.87 71.578 626667 
41.401 71.617 126979 
34.213 82.46 25417 
33.549 81.633 160099 
32.979 81.363 10419 
34.519 82.638 187126 
33.203 81.053 15987 
33.26 81.433 22621 
32.358 80.689 162233 
33.207 79.953 177843 
33.674 80.78 15175 
32.8 79.942 350209 
35.049 81.607 55342 
34.689 81.161 33140 
34.637 80.159 46734 
33.664 80.217 34971 
32.834 80.655 38892 
34.332 79.962 68681 
34.39 79.374 32062 
33.082 80.404 136555 
33.776 81.968 26985 
34.395 81.127 23956 
34.028 79.71 136885 
33.417 79.3 60158 
34.892 82.372 451225 
34.155 82.127 69661 
32.778 81.143 21090 
33.909 78.976 269291 
32.43 81.021 24777 
34.338 80.59 61697 
34.686 80.703 76652 
34.483 82.005 66537 
34.158 80.251 19220 
33.892 81.272 262391 
33.897 82.316 10233 
34.08 79.362 33062 
34.601 79.677 28933 
34.289 81.6 37508 
34.748 83.061 74273 
33.436 80.802 92501 
34.887 82.725 119224 
34.029 80.896 384504 
34.005 81.727 19875 
34.933 81.991 284307 
33.916 80.382 107456 
34.69 81.615 28961 
33.626 79.716 34423 
34.97 81.183 226073 
43.724 98.577 2710 
44.418 98.279 17398 
43.184 101.676 3431 
42.986 97.885 7070 
44.376 96.797 31965 
45.589 98.352 36531 
43.729 99.092 5255 
44.044 99.203 1912 
44.896 103.501 10110 
45.782 100.027 1466 
43.206 98.595 9129 
44.855 97.724 3691 
42.912 96.979 13864 
44.966 97.198 27227 
45.698 101.176 4050 
43.684 103.462 8216 
43.68 98.155 19504 
45.362 97.593 5710 
44.756 96.69 4364 
45.15 100.852 5301 
43.391 98.358 3002 
45.411 99.205 4071 
43.221 103.512 7094 
45.065 99.153 2364 
45.172 96.772 7356 
43.179 99.202 4271 
44.284 101.591 1937 
44.68 97.178 5903 
44.546 99.004 3431 
43.68 97.796 3331 
45.596 103.473 1255 
44.392 99.985 17022 
43.336 97.749 7343 
44.537 99.492 1420 
43.677 101.626 3031 
44.063 98.623 2071 
43.951 100.686 1006 
44.362 97.499 5148 
44.028 97.123 11200 
44.353 103.796 24097 
43.279 96.722 44828 
43.894 99.841 3755 
43.678 97.362 5618 
45.784 99.211 2459 
45.737 97.58 4656 
44.606 102.715 25434 
43.584 100.76 2048 
44.017 97.609 2389 
43.667 96.795 169468 
44.012 96.676 6486 
44.002 102.823 100948 
45.483 102.467 2982 
45.064 99.949 2329 
45.623 96.947 10149 
44.021 98.092 2355 
43.341 102.559 13586 
44.931 98.339 6415 
44.415 100.749 2966 
44.722 100.131 1373 
43.208 100.717 9612 
43.349 99.876 5644 
43.308 97.15 8347 
42.831 96.65 14399 
45.427 100.027 5438 
43.006 97.388 22438 
44.981 101.669 2801 
36.116 84.195 75129 
35.513 86.458 45058 
36.069 88.071 16489 
35.593 85.205 12876 
35.688 83.922 123010 
35.153 84.859 98963 
36.401 84.159 40716 
35.808 86.062 13801 
35.967 88.451 28522 
36.284 82.126 57424 
36.255 87.1 39105 
35.416 88.605 17131 
36.501 83.66 32213 
36.545 85.545 7861 
35.916 83.119 35662 
35.488 86.078 52796 
35.811 89.135 14586 
35.952 84.994 56053 
36.169 86.784 626681 
35.603 88.107 11757 
35.982 85.833 18723 
36.145 87.364 49666 
36.054 89.398 38335 
35.196 89.413 38413 
36.376 84.932 17959 
35.155 86.099 41052 
35.991 88.933 49683 
35.202 87.035 29485 
36.277 83.509 22657 
36.178 82.847 68831 
35.387 85.722 13703 
36.218 83.266 62544 
35.159 85.202 336463 
36.521 83.227 6819 
35.218 88.989 27253 
35.201 88.185 26026 
36.452 82.931 56833 
35.586 89.282 18787 
35.653 88.387 27769 
36.325 88.3 32330 
35.802 87.467 24690 
36.285 87.705 8426 
36.04 87.79 18538 
36.354 85.674 11638 
36.048 83.44 51407 
36.453 81.861 18244 
35.992 83.937 432226 
36.333 89.485 7832 
35.762 89.627 27815 
35.22 87.396 41869 
35.523 87.496 12161 
35.142 86.593 33361 
35.737 84.316 48556 
35.424 84.619 52266 
35.175 88.564 26075 
36.537 86.001 22248 
35.606 88.833 98294 
35.133 85.618 28237 
35.468 86.765 30617 
35.615 87.077 80956 
35.503 84.823 11753 
35.447 84.249 44519 
36.5 87.38 172331 
35.288 86.358 6362 
36.138 84.639 21987 
36.358 89.15 31807 
36.344 85.283 22083 
35.659 87.877 7915 
36.559 85.075 5077 
35.109 84.541 16825 
36.14 85.496 72321 
35.6 84.949 31809 
35.847 84.523 54181 
36.527 86.869 66283 
35.843 86.417 262604 
36.437 84.498 22228 
35.372 85.41 14112 
35.791 83.521 89889 
35.183 89.895 927644 
36.255 85.942 19166 
36.511 87.851 13324 
36.51 82.299 156823 
36.47 86.458 160645 
35.5 89.763 61081 
36.393 86.156 7870 
36.1 82.418 18313 
36.284 83.836 19109 
35.699 85.458 5548 
35.678 85.777 39839 
36.295 82.495 122979 
35.242 87.819 17021 
36.303 88.72 35021 
35.927 85.455 25841 
35.894 86.896 183182 
36.148 86.29 113993 
31.841 95.661 58458 
32.312 102.64 14786 
31.251 94.611 86771 
28.104 96.977 23158 
33.616 98.687 9054 
34.964 101.356 1901 
28.894 98.528 44911 
29.891 96.27 28417 
34.067 102.83 7165 
29.755 99.26 20485 
30.103 97.311 74171 
33.618 99.197 3726 
28.416 97.742 31861 
31.042 97.481 310235 
29.448 98.52 1714773 
30.265 98.399 10497 
32.744 101.433 641 
31.9 97.637 18212 
33.446 94.422 92565 
29.167 95.434 313166 
30.656 96.302 194851 
29.808 103.252 9232 
34.525 101.205 1637 
27.034 98.215 7223 
31.764 98.998 38106 
30.493 96.622 17187 
30.789 98.201 42750 
29.84 97.631 38066 
28.445 96.583 21381 
32.293 99.372 13544 
26.102 97.478 406220 
32.974 94.979 12401 
35.405 101.355 6182 
33.083 94.357 30464 
34.533 102.258 8062 
29.703 94.668 35096 
31.843 95.156 50845 
34.529 100.208 7041 
33.785 98.212 10752 
33.608 102.83 3127 
31.877 100.635 3320 
31.914 99.346 8895 
33.193 96.578 782341 
34.963 100.272 3057 
29.595 96.508 20874 
29.803 98.255 108472 
31.951 98.549 13974 
31.318 99.863 4087 
33.639 97.21 38437 
31.391 97.798 75388 
34.091 100.276 1505 
31.422 102.487 4375 
30.717 101.404 3719 
33.609 101.298 6059 
31.445 104.526 2398 
36.286 102.594 6703 
32.766 96.778 2368139 
32.741 101.947 13833 
34.94 102.607 19372 
33.385 95.673 5231 
33.205 97.119 662614 
29.082 97.361 20097 
33.614 100.786 2444 
28.423 99.765 9996 
34.955 100.815 3677 
27.681 98.497 11782 
32.324 98.836 18583 
31.865 102.542 137130 
29.985 100.307 2002 
32.347 96.798 149610 
31.766 106.241 800647 
32.238 98.222 37890 
31.251 96.934 17866 
33.591 96.104 33915 
29.877 96.921 24554 
32.74 100.403 3974 
34.073 101.303 6446 
33.98 99.777 1336 
29.526 95.771 585375 
33.175 95.219 10605 
31.701 96.144 19816 
28.869 99.108 17217 
32.743 102.631 17526 
29.228 94.894 291309 
33.183 101.301 6461 
30.326 98.942 24837 
31.868 101.528 1226 
28.66 97.43 7210 
29.468 97.477 19807 
35.402 100.812 22535 
33.624 96.675 120877 
32.486 94.816 121730 
30.543 95.988 26604 
29.583 97.949 131533 
34.068 101.822 36273 
34.453 100.576 3353 
31.706 98.111 8517 
36.272 101.356 5613 
34.289 99.745 4139 
30.329 94.393 54635 
29.857 95.393 4092459 
32.547 94.374 65631 
35.84 102.61 6062 
33.175 99.73 5899 
30.061 98.029 157107 
35.816 100.284 3807 
32.211 95.853 78532 
26.396 98.18 774769 
31.982 97.129 35089 
33.605 102.343 22935 
32.43 97.831 51182 
33.148 95.565 35161 
31.323 95.421 23732 
32.303 101.438 35012 
31.45 105.377 3476 
33.123 96.083 86129 
35.837 101.362 22150 
31.303 100.981 1599 
33.232 98.171 9044 
28.959 96.589 14075 
30.752 94.022 35710 
30.617 104.187 2342 
29.853 94.149 252273 
27.041 98.7 5300 
27.733 98.09 40838 
32.379 97.364 150934 
32.743 99.874 20202 
28.907 97.86 14824 
32.598 96.288 103350 
29.944 98.711 33410 
26.89 97.591 416 
33.184 100.769 808 
30.053 99.351 49625 
30.479 99.746 4607 
33.614 100.25 286 
29.347 100.417 3598 
27.438 97.66 32061 
33.616 99.747 3719 
33.667 95.57 49793 
34.068 102.348 13977 
31.196 98.24 19677 
28.351 99.096 6886 
29.382 96.923 19263 
30.321 96.976 16612 
31.3 95.995 16801 
30.162 94.822 75643 
31.547 96.593 23384 
36.28 100.272 3302 
28.351 98.126 11531 
30.707 98.684 19301 
31.844 103.561 82 
33.611 101.819 278831 
33.178 101.818 5915 
31.205 99.359 8283 
31.549 97.201 234906 
28.384 98.578 707 
30.966 95.93 13664 
32.797 94.357 10546 
32.309 101.961 4799 
30.703 99.237 4012 
28.783 95.997 36702 
28.745 100.311 54258 
29.353 99.111 46006 
30.883 99.854 2242 
31.87 102.024 136872 
30.791 96.984 24757 
31.494 98.594 4936 
32.303 100.924 9403 
33.676 97.724 19719 
30.302 95.503 455746 
35.835 101.89 21904 
33.116 94.731 12934 
34.058 100.793 1210 
31.62 94.62 64524 
32.048 96.476 47735 
30.786 93.739 14445 
32.312 100.418 15216 
27.739 97.521 340223 
36.278 100.815 10223 
35.401 102.597 2052 
30.12 93.893 81837 
32.752 98.317 28111 
32.163 94.305 23796 
32.777 97.805 116927 
34.532 102.784 10269 
30.77 102.719 15507 
30.784 94.837 45413 
35.398 101.893 121073 
30.005 104.261 7818 
32.87 95.795 10914 
34.962 101.895 120725 
31.372 101.513 3367 
29.823 99.805 3309 
33.619 95.048 12860 
31.308 103.712 13783 
28.312 97.16 7383 
35.836 100.807 929 
31.025 96.514 16622 
32.889 96.407 78337 
31.833 99.967 10501 
32.109 94.756 53330 
31.343 93.851 10834 
31.382 94.163 8865 
30.574 95.162 26384 
28.011 97.517 64804 
31.155 98.819 6131 
30.896 100.527 3461 
32.744 100.913 16921 
32.743 99.347 3378 
31.79 94.142 25448 
36.277 101.894 3034 
32.377 95.269 209714 
32.217 97.769 8490 
26.546 98.715 60968 
32.731 98.84 9630 
31.835 101.054 1143 
33.179 100.253 1490 
30.517 100.505 4128 
34.53 101.732 7854 
32.772 97.291 1809034 
32.295 99.893 131506 
30.232 102.072 984 
33.171 102.339 12651 
33.17 99.206 1641 
33.214 94.966 32334 
31.401 100.461 110224 
30.239 97.691 1024266 
31.087 95.153 14585 
30.769 94.379 21766 
32.735 94.941 39309 
31.353 102.042 3355 
29.35 99.761 26405 
29.884 101.146 48879 
32.558 95.836 52579 
28.796 96.971 86793 
30.743 95.569 67861 
30.013 95.982 43205 
31.513 103.105 10658 
30.215 96.41 33718 
27.77 99.326 250304 
29.278 96.229 41280 
35.392 100.253 5410 
33.991 98.716 131500 
34.084 99.242 13535 
26.481 97.584 22134 
30.649 97.605 422679 
29.174 98.085 42918 
31.831 103.055 7110 
33.219 97.653 59127 
32.783 95.382 41964 
33.172 102.823 7879 
33.158 98.678 18550 
26.996 99.182 14018 
28.864 99.759 11677 
38.357 113.238 6629 
41.476 113.052 49975 
41.734 111.744 112656 
39.67 110.59 21403 
40.89 109.505 1059 
41.037 112.202 306479 
40.289 110.429 18607 
39.009 110.721 10976 
37.831 111.45 5172 
38.974 109.573 9225 
37.882 113.29 46163 
39.71 112.794 10246 
37.275 111.815 7125 
39.094 113.525 12503 
41.091 111.577 9469 
38.335 112.129 1556 
41.627 111.24 2264 
40.667 111.924 1029655 
37.623 109.789 14746 
39.38 111.57 27822 
38.746 111.811 20802 
40.872 110.968 36324 
40.467 113.124 58218 
40.125 109.517 32588 
40.12 111.668 516564 
40.334 111.161 23530 
37.262 113.487 138115 
38.261 110.99 2778 
41.27 111.875 231236 
44.031 73.141 36821 
43.035 73.111 37125 
44.468 72.112 31227 
44.46 73.07 156545 
44.724 71.732 6306 
44.858 72.909 47746 
44.801 73.3 6970 
44.603 72.638 24475 
44.003 72.369 28936 
44.828 72.251 27231 
43.58 73.038 61642 
44.274 72.609 59534 
42.999 72.716 44513 
43.588 72.591 56670 
37.765 75.757 33164 
38.024 78.553 98970 
37.787 80.008 16250 
37.336 77.973 12690 
37.63 79.147 32353 
37.37 78.81 14973 
38.878 77.1 207627 
38.167 79.146 73750 
38.068 79.732 4731 
37.312 79.527 68676 
37.13 81.125 6824 
37.553 79.805 33148 
36.764 77.86 17434 
37.268 82.038 24098 
37.573 78.529 17146 
37.21 79.095 54842 
38.03 77.352 28545 
36.732 80.728 30042 
37.361 77.054 7256 
37.014 78.661 12586 
37.378 77.585 316236 
39.115 77.992 14034 
37.473 80.231 5190 
38.485 77.956 46689 
37.52 78.252 10052 
37.137 82.349 15903 
37.073 77.635 28001 
37.939 76.941 11151 
38.833 77.276 1081726 
38.744 77.821 65203 
36.931 80.35 15279 
37.83 78.284 25691 
36.992 79.883 56159 
39.203 78.263 78305 
37.311 80.717 17286 
37.403 76.523 36858 
37.724 77.914 21717 
36.656 81.225 15533 
38.297 78.47 18403 
36.68 77.56 12243 
36.766 78.939 36241 
37.76 77.49 99863 
37.437 77.3 306935 
36.62 79.98 54151 
38.356 79.567 2321 
36.901 76.707 35270 
37.324 76.778 67009 
37.72 76.891 6945 
38.277 77.162 23584 
37.708 77.091 15935 
37.703 76.413 11391 
36.702 83.13 25587 
39.081 77.638 312311 
37.971 77.959 33153 
36.945 78.242 12914 
38.412 78.276 13308 
37.425 76.268 8978 
36.687 78.368 32727 
37.606 76.527 10959 
37.174 80.387 94392 
37.79 78.879 15020 
37.498 76.993 18429 
37.302 75.923 12389 
37.856 76.379 12330 
37.143 78.052 15853 
38.25 78.009 33481 
38.623 78.49 24042 
36.667 80.286 18490 
36.821 79.398 63506 
37.549 77.912 28046 
37.224 78.432 23368 
37.187 77.22 35725 
38.702 77.478 402002 
37.063 80.713 34872 
38.684 78.168 7373 
37.942 76.73 9254 
37.331 80.19 92376 
37.814 79.447 22307 
38.511 78.876 76314 
36.933 82.095 28897 
36.712 82.613 23177 
38.856 78.573 41993 
36.842 81.539 32208 
36.72 77.103 18570 
38.182 77.656 122397 
38.418 77.459 128961 
37.119 76.88 7058 
36.926 77.259 12087 
37.125 81.562 45078 
38.908 78.207 37575 
36.747 81.95 54876 
38.109 76.804 17454 
36.974 82.621 41452 
36.901 81.084 29235 
37.22 76.395 65464 
38.818 77.082 139966 
37.338 79.52 6222 
36.616 82.157 17835 
37.731 79.356 6650 
38.037 78.485 43475 
36.679 76.301 222209 
37.261 77.396 17411 
37.778 79.986 5961 
36.583 79.408 43055 
36.696 77.535 5927 
38.853 77.299 22565 
38.883 77.174 12332 
36.684 76.941 8582 
38.299 77.486 24286 
36.665 80.914 7042 
37.048 76.297 137436 
38.436 78.874 48914 
37.291 77.298 22591 
37.782 79.444 7042 
37.399 79.195 75568 
38.747 77.484 37821 
38.768 77.448 14273 
36.683 79.863 13821 
37.075 76.521 180719 
36.923 76.244 242803 
36.931 82.625 3958 
37.204 77.392 32420 
37.128 76.303 12150 
36.859 76.356 95535 
37.12 80.557 16408 
37.531 77.476 204214 
37.277 79.958 97032 
37.285 80.055 24802 
38.158 79.061 23746 
36.697 76.634 84585 
36.779 76.024 437994 
38.067 78.901 21006 
37.269 76.706 14068 
39.173 78.176 26203 
47.004 118.533 18728 
46.181 117.227 21623 
46.228 119.516 175177 
47.859 120.618 72453 
48.113 123.93 71404 
45.771 122.485 425363 
46.292 117.911 4078 
46.185 122.658 102410 
47.735 119.695 38431 
48.437 118.517 7551 
46.534 118.906 78163 
46.429 117.536 2266 
47.213 119.467 89120 
47.142 123.827 72797 
48.158 122.67 78506 
47.802 123.521 29872 
47.493 121.832 1931249 
47.639 122.649 251133 
47.124 120.676 40915 
45.869 120.78 20318 
46.58 122.377 75455 
47.582 118.417 10570 
47.354 123.173 60699 
48.55 119.691 41120 
46.556 123.782 20920 
48.543 117.232 13001 
47.04 122.144 795225 
48.508 123.1 15769 
48.493 121.816 116901 
46.024 121.953 11066 
48.054 121.766 713335 
47.62 117.404 471221 
48.39 117.854 43531 
46.932 122.829 252264 
46.294 123.424 3978 
46.254 118.48 58781 
48.842 121.836 201140 
46.903 117.522 44776 
46.456 120.74 243231 
39.139 79.996 16589 
39.457 78.032 104169 
38.022 81.713 24629 
38.699 80.731 14523 
40.272 80.578 24069 
38.419 82.243 96319 
38.844 81.115 7627 
38.459 81.081 9386 
39.263 80.701 8202 
38.03 81.086 46039 
38.915 80.849 8693 
39.105 79.195 11937 
37.924 80.45 35480 
39.312 78.611 23964 
40.516 80.57 30676 
39.01 78.843 14025 
39.279 80.386 69099 
38.834 81.677 29211 
39.307 77.863 53498 
38.328 81.523 193063 
38.988 80.495 16372 
38.171 82.077 21720 
37.83 81.94 36743 
37.382 81.658 22113 
39.505 80.243 56418 
39.854 80.671 33107 
38.759 82.024 27324 
37.403 81.106 62264 
39.405 78.956 28212 
37.721 82.158 26839 
39.633 80.059 96189 
37.55 80.547 13502 
39.554 78.257 17541 
38.291 80.797 26233 
40.098 80.62 44443 
38.686 79.333 7695 
39.368 81.161 7605 
38.332 80.012 8719 
39.469 79.668 33520 
38.51 81.906 55486 
37.762 81.264 78859 
38.781 79.867 29405 
39.177 81.066 10449 
38.743 81.354 14926 
37.656 80.856 13927 
39.329 80.045 16895 
39.111 79.559 7141 
39.465 80.879 9208 
38.902 80.231 24254 
38.145 82.419 42481 
38.492 80.43 9154 
39.596 80.634 16583 
39.02 81.382 5717 
39.211 81.515 86956 
37.603 81.548 23796 
43.973 89.767 20875 
46.546 90.665 16157 
45.437 91.852 45870 
46.634 91.177 15014 
44.473 87.995 248007 
44.389 91.758 13587 
45.865 92.367 15457 
44.078 88.212 48971 
45.069 91.283 62415 
44.733 90.61 34690 
43.471 89.33 56833 
43.249 90.951 16644 
43.067 89.417 488073 
43.422 88.704 88759 
45.067 87.087 27785 
46.463 91.892 44159 
44.947 91.897 43857 
44.726 91.286 98736 
45.849 88.4 4423 
43.754 88.493 101633 
45.666 88.773 9304 
42.87 90.695 51208 
42.677 89.605 36842 
43.761 88.987 19051 
43.001 90.133 23687 
46.326 90.261 5916 
44.324 90.806 20449 
43.013 88.773 83686 
43.932 90.113 26664 
42.579 87.424 166426 
44.5 87.161 20574 
43.908 91.111 114638 
42.655 90.13 16836 
45.259 89.068 19977 
45.338 89.742 28743 
44.105 87.313 81442 
44.898 89.757 134063 
45.346 87.991 41749 
43.826 89.409 15404 
44.991 88.669 4232 
43.017 87.481 947735 
43.945 90.619 44673 
44.996 88.206 37660 
45.713 89.536 35998 
44.418 88.464 176695 
43.36 87.496 86395 
44.627 91.834 7469 
44.725 92.426 41019 
45.468 92.453 44205 
44.476 89.498 70019 
45.679 90.359 14159 
42.754 87.414 195408 
43.376 90.435 18021 
42.669 89.075 160331 
45.472 91.136 14755 
45.028 92.447 84345 
43.427 89.943 61976 
45.864 91.147 16557 
44.789 88.755 41949 
43.746 87.73 115507 
45.211 90.504 20689 
44.303 91.358 28816 
43.599 90.815 29773 
46.049 89.501 21430 
42.668 88.541 102228 
45.892 91.796 15911 
43.391 88.232 131887 
43.019 88.306 389891 
44.478 88.967 52410 
44.112 89.239 24496 
44.085 88.668 166994 
44.461 90.038 74749 
41.665 105.721 36299 
44.525 107.993 11668 
44.241 105.552 46133 
41.703 106.933 15885 
42.972 105.507 13833 
44.589 104.567 7083 
43.055 108.605 40123 
42.089 104.353 13249 
43.72 108.435 4812 
44.044 106.588 8569 
41.292 104.66 91738 
42.228 110.679 18106 
42.973 106.764 75450 
43.062 104.468 2484 
44.492 109.593 28205 
42.13 104.96 8667 
44.781 106.881 29116 
42.767 109.916 10247 
41.66 108.875 43806 
44.049 110.588 21294 
41.284 110.558 21118 
43.878 107.669 8533 
43.846 104.57 7208 
